WAFER     POS  PX PY BIN C GR  IDIG0 IANA0 IDIGI IANAI VDREG VDAC  IANA V24  BLLVL ADSTP  DC DD WB TS DB DP  DPIX ADDR TRIM MASK NSIG NOIS THRO T2F T2P  PCNT PMEAN  PSTD PMCOL PMI PMA   NPH PHFAIL PHOMEAN PHOSTD PHGMEAN PHGSTD  FAIL  FAILSTRING
A7GMYDX   03C   7  1  0  1  1   16.0   3.2  23.3  18.4  0.00 0.00  24.1 140   0.0                        0    0    0    0    0    0    0  4160  62.5  5.35  4.58  47  81  4160      0   151.7    5.4    35.9    2.2    23  
A7GMYDX   03D   8  1  0  1  1   17.6   4.0  26.5  21.7  0.00 0.00  23.3 111   0.0                        0    0    0    0    0    0    0  4160  54.8  4.42  4.91  43  71  4160      0   112.0    5.4    31.9    1.9    23  
A7GMYDX   04C   9  1  0  1  1   16.8   3.2  22.5  20.1  0.00 0.00  24.1 126   0.0                        0    0    0    0    0    0    0  4157  73.8  5.57  5.36  55  95  4160      0   148.3    4.8    29.0    1.5    23  
A7GMYDX   04D  10  1 12  1  1   18.4   4.0  26.5  22.5  0.00 0.00  23.3 111   0.0                        0    0    0    0    0    0    0  4160  61.3  5.64  5.64  46  84  4160      0   101.0    5.2    30.0    1.6    23  
A7GMYDX   05C  11  1 12  1  1   16.0   3.2  22.5  19.2  0.00 0.00  23.3 128   0.0                        0    0    0    0    0    0    0  4160  59.5  5.02  3.25  44  80  4160      0   157.8    5.8    32.7    1.6    23  
A7GMYDX   05D  12  1  8  4 13   19.2   4.0  26.5  21.7  0.00 0.00  23.3 111   0.0                      135  132    3    0    3    0    0  4025  65.7  5.15  0.00  49  93  4160      3   117.7    8.0    32.0    4.9     6  135 pixel defect
A7GMYDX   06C  13  1  0  1  1   16.0   3.2  23.3  19.2  0.00 0.00  23.3 129   0.0                        0    0    0    0    0    0    0  4160  53.5  4.66  3.02  38  74  4160      0   159.9    6.4    34.9    1.7    23  
A7GMYDX   06D  14  1 10  4 13   19.2   3.2  27.3  19.2  0.00 0.00  23.3 129   0.0                        1    1    0    0    0    0    0  4159  47.6  3.59  2.77  32  62  4160      0   128.9    4.4    33.8    2.0     8  1 pixel address defect
A7GMYDX   03A   7  2  0  1  1   21.7   3.2  22.5  20.9  0.00 0.00  23.3 115   0.0                        0    0    0    0    0    0    0  4160  52.0  4.53  3.39  36  73  4160      0   151.9    4.9    32.7    1.7    23  
A7GMYDX   04A   9  2  0  1  1   16.8   3.2  23.3  17.6  0.00 0.00  23.3 142   0.0                        0    0    0    0    0    0    0  4160  56.0  5.25  3.21  43  77  4160      0   154.3    5.5    33.3    1.6    23  
A7GMYDX   05A  11  2  0  1  1   16.8   2.4  24.1  17.6  0.00 0.00  23.3 146   0.0                        0    0    0    0    0    0    0  4160  53.3  4.85  3.14  41  77  4160      0   170.4    5.1    33.6    1.6    23  
A7GMYDX   06A  13  2 12  1  1   16.8   3.2  24.1  18.4  0.00 0.00  24.1 141   0.0                        0    0    0    0    0    0    0  4160  62.6  5.68  4.11  46  81  4160      0   153.4    4.6    31.3    1.8    23  
A7GMYDX   12C   5  3  0  1  1   16.8   4.0  23.3  20.9  0.00 0.00  23.3 117   0.0                        0    0    0    0    0    0    0  4160  52.2  4.44  4.13  37  71  4160      0   167.9    5.2    33.9    1.5    23  
A7GMYDX   12D   6  3 11  1  1   17.6   4.0  26.5  20.9  0.00 0.00  23.3 114   0.0                        0    0    0    0    0    0    0  4160  56.1  4.97  4.35  43  76  4160      0   138.2    6.1    33.1    1.8    23  
A7GMYDX   13C   7  3 12  1  1   16.8   3.2  24.1  18.4  0.00 0.00  24.1 140   0.0                        0    0    0    0    0    0    0  4160  51.2  3.83  3.29  38  67  4160      0   175.0    5.0    32.3    1.5    23  
A7GMYDX   13D   8  3 12  1  1   18.4   4.0  28.1  23.3  0.00 0.00  24.1 107   0.0                        0    0    0    0    0    0    0  4160  52.3  4.09  3.05  41  70  4160      0   123.1    5.0    31.5    1.8    23  
A7GMYDX   14C   9  3 11  1  1   17.6   4.0  23.3  21.7  0.00 0.00  24.1 115   0.0                        0    0    0    0    0    0    0  4160  58.7  5.01  4.30  45  77  4160      0   165.0    4.7    30.8    1.4    23  
A7GMYDX   14D  10  3  8  4 13   17.6   3.2  27.3  19.2  0.00 0.00  23.3 129   0.0                      160  160    0    0    0    0    0  4000  60.7  4.77  0.00  47  79  4160      0   131.9   13.0    29.2    6.1     6  160 pixel defect
A7GMYDX   15C  11  3  0  1  1   17.6   3.2  23.3  19.2  0.00 0.00  23.3 129   0.0                        0    0    0    0    0    0    0  4160  70.5  5.53  4.34  54  90  4160      0   165.6    4.8    31.2    1.5    23  
A7GMYDX   15D  12  3 12  1  2   19.2   3.2  27.3  22.5  0.00 0.00  23.3 109   0.0                        0    0    0    0    0    0    0  4160  58.3  5.02  3.81  43  80  4160      0    97.2    5.3    30.1    1.8    23  
A7GMYDX   16C  13  3 11  1  2   16.8   3.2  24.9  19.2  0.00 0.00  23.3 129   0.0                        0    0    0    0    0    0    0  4160  50.4  4.05  2.77  36  68  4160      0   174.3    5.8    31.2    1.5    23  
A7GMYDX   16D  14  3  8  4 13   86.0   4.0  82.8  22.5  0.00 0.00  23.3 111   0.0                     1199    0  705    0 1199    0    0  2447  86.5  5.83  0.00  68  99                                                6  1199 pixel defect
A7GMYDX   17C  15  3 12  1  2   16.8   3.2  22.5  18.4  0.00 0.00  22.5 129   0.0                        0    0    0    0    0    0    0  4160  72.7  5.48  3.60  54  92  4160      0   154.0    5.9    31.8    1.5    23  
A7GMYDX   17D  16  3  9  3 12   19.2   4.0  28.9  23.3  0.00 0.00  24.1 105   0.0                       11    0   11    0    0    0    0  4149  45.1  4.12  3.18  31  62  4160      0   140.6    5.2    32.2    1.8    13  11 pixel defect (<=1%)
A7GMYDX   12A   5  4 12  1  2   16.8   3.2  29.7  16.0  0.00 0.00  24.1 167   0.0                        0    0    0    0    0    0    0  4160  60.8  5.13  3.51  43  80  4160      0   140.3    5.7    29.7    1.7    23  
A7GMYDX   13A   7  4  0  1  2   16.8   3.2  23.3  18.4  0.00 0.00  22.5 129   0.0                        0    0    0    0    0    0    0  4160  54.4  4.74  3.45  39  75  4160      0   150.8    5.6    31.4    1.7    23  
A7GMYDX   14A   9  4  0  1  2   16.0   3.2  24.1  19.2  0.00 0.00  23.3 129   0.0                        0    0    0    0    0    0    0  4160  56.4  4.89  3.65  42  76  4160      0   153.5    5.3    29.9    1.6    23  
A7GMYDX   15A  11  4 11  1  2   16.8   3.2  24.1  19.2  0.00 0.00  23.3 129   0.0                        0    0    0    0    0    0    0  4160  52.2  4.17  3.27  39  70  4160      0   152.4    5.6    33.6    1.7    23  
A7GMYDX   16A  13  4  0  1  2   16.0   2.4  24.9  16.8  0.00 0.00  24.1 158   0.0                        0    0    0    0    0    0    0  4160  67.3  5.33  3.99  50  87  4160      0   167.9    5.3    27.6    1.5    23  
A7GMYDX   17A  15  4  0  1  2   16.8   3.2  23.3  19.2  0.00 0.00  23.3 129   0.0                        0    0    0    0    0    0    0  4160  49.9  3.96  2.11  38  70  4160      0   174.1    4.9    33.5    1.6    23  
A7GMYDX   21C   3  5  0  1  2   16.0   3.2  22.5  21.7  0.00 0.00  23.3 113   0.0                        0    0    0    0    0    0    0  4160  63.2  4.93  3.29  48  80  4160      0   141.1    5.5    32.5    1.6    23  
A7GMYDX   21D   4  5  0  1  2   18.4   3.2  26.5  19.2  0.00 0.00  23.3 129   0.0                        0    0    0    0    0    0    0  4160  52.5  4.16  3.21  42  74  4160      0   117.6    5.6    33.3    1.7    23  
A7GMYDX   22C   5  5 11  1  2   16.8   3.2  22.5  20.1  0.00 0.00  23.3 126   0.0                        0    0    0    0    0    0    0  4160  75.0  5.08  3.46  58  95  4160      0   135.7    5.9    31.0    1.4    23  
A7GMYDX   22D   6  5  0  1  2   19.2   3.2  26.5  21.7  0.00 0.00  23.3 114   0.0                        0    0    0    0    0    0    0  4160  61.1  4.61  3.51  46  80  4160      0   114.0    5.4    29.7    1.8    23  
A7GMYDX   23C   7  5 12  1  2   16.8   3.2  24.1  19.2  0.00 0.00  23.3 129   0.0                        0    0    0    0    0    0    0  4160  57.1  5.11  3.46  41  78  4160      0   162.3    5.0    30.1    1.5    23  
A7GMYDX   23D   8  5  0  1  2   19.2   4.0  27.3  21.7  0.00 0.00  23.3 113   0.0                        0    0    0    0    0    0    0  4160  65.6  5.23  4.21  48  81  4160      0   114.7    5.3    27.7    1.7    23  
A7GMYDX   24C   9  5 12  1  2   16.8   3.2  23.3  20.1  0.00 0.00  24.1 126   0.0                        0    0    0    0    0    0    0  4160  69.0  5.91  3.74  51  93  4160      0   162.3    5.5    29.0    1.4    23  
A7GMYDX   24D  10  5 12  1  3   18.4   4.0  27.3  23.3  0.00 0.00  24.1 104   0.0                        0    0    0    0    0    0    0  4160  49.7  3.78  2.69  36  67  4160      0   131.1    5.1    30.7    1.8    23  
A7GMYDX   25C  11  5 12  1  3   16.8   4.0  23.3  22.5  0.00 0.00  23.3 108   0.0                        0    0    0    0    0    0    0  4160  67.8  5.62  4.44  50  85  4160      0   135.8    5.0    27.7    1.4    23  
A7GMYDX   25D  12  5 12  1  3   19.2   4.0  27.3  24.1  0.00 0.00  22.5  89   0.0                        1    0    1    0    0    0    0  4159  47.8  4.01  3.16  32  64  4160      0   129.2    5.3    31.4    1.8    22  1 pixel defect
A7GMYDX   26C  13  5 12  1  3   16.0   3.2  23.3  21.7  0.00 0.00  24.1 113   0.0                        0    0    0    0    0    0    0  4160  52.6  4.76  2.95  36  75  4160      0   150.2    4.8    31.1    1.4    23  
A7GMYDX   26D  14  5  0  1  3   19.2   3.2  27.3  20.1  0.00 0.00  23.3 124   0.0                        0    0    0    0    0    0    0  4160  56.4  4.96  5.04  43  79  4160      0   134.3    6.0    30.4    1.8    23  
A7GMYDX   27C  15  5 11  1  3   16.8   4.0  22.5  22.5  0.00 0.00  23.3 111   0.0                        0    0    0    0    0    0    0  4160  64.0  5.16  3.86  49  85  4160      0   130.5    5.5    30.9    1.5    23  
A7GMYDX   27D  16  5  0  1  3   19.2   3.2  27.3  20.9  0.00 0.00  23.3 122   0.0                        0    0    0    0    0    0    0  4160  51.0  4.21  2.60  37  71  4160      0   124.0    5.8    32.6    1.8    23  
A7GMYDX   28C  17  5 12  1  3   16.0   3.2  23.3  20.1  0.00 0.00  23.3 125   0.0                        0    0    0    0    0    0    0  4160  57.4  5.03  2.85  44  78  4160      0   156.0    5.9    33.7    1.6    23  
A7GMYDX   28D  18  5  0  1  3   19.2   3.2  26.5  20.9  0.00 0.00  24.1 115   0.0                        0    0    0    0    0    0    0  4160  73.8  5.55  4.41  57  98  4160      0    97.6    5.8    31.0    2.0    23  
A7GMYDX   21A   3  6 11  1  3   16.0   3.2  22.5  19.2  0.00 0.00  23.3 129   0.0                        0    0    0    0    0    0    0  4160  62.9  5.34  3.98  48  81  4160      0   158.5    5.6    31.0    1.5    23  
A7GMYDX   22A   5  6  0  1  3   16.0   3.2  24.1  17.6  0.00 0.00  24.1 144   0.0                        0    0    0    0    0    0    0  4160  60.8  4.86  2.97  47  78  4160      0   159.3    5.2    30.8    1.7    23  
A7GMYDX   23A   7  6 12  1  3   16.8   3.2  23.3  20.1  0.00 0.00  24.1 124   0.0                        0    0    0    0    0    0    0  4160  68.0  5.22  3.88  50  86  4160      0   154.1    4.2    30.2    1.7    23  
A7GMYDX   24A   9  6 12  1  3   16.8   3.2  24.1  20.1  0.00 0.00  24.1 128   0.0                        0    0    0    0    0    0    0  4160  63.1  5.07  4.10  48  82  4160      0   152.3    4.9    29.2    1.6    23  
A7GMYDX   25A  11  6  0  1  3   16.8   3.2  25.7  18.4  0.00 0.00  23.3 140   0.0                        0    0    0    0    0    0    0  4160  49.2  3.92  3.35  36  65  4160      0   160.4    4.7    29.3    1.8    23  
A7GMYDX   26A  13  6 12  1  3   16.8   3.2  23.3  20.1  0.00 0.00  23.3 125   0.0                        0    0    0    0    0    0    0  4160  69.8  5.71  3.58  52  93  4160      0   153.2    4.3    27.6    1.6    23  
A7GMYDX   27A  15  6  0  1  3   16.0   4.0  24.1  20.9  0.00 0.00  23.3 114   0.0                        0    0    0    0    0    0    0  4160  49.5  3.47  2.03  37  70  4160      0   169.1    6.2    29.8    1.5    23  
A7GMYDX   28A  17  6 12  1  4   16.8   4.0  23.3  20.9  0.00 0.00  24.1 115   0.0                        0    0    0    0    0    0    0  4160  55.2  4.79  3.85  43  74  4160      0   159.1    4.9    30.1    1.9    23  
A7GMYDX   30C   1  7 12  1  4   17.6   3.2  22.5  19.2  0.00 0.00  22.5 129   0.0                        0    0    0    0    0    0    0  4160  57.6  5.18  4.40  44  76  4160      0   159.0    5.6    34.5    1.7    23  
A7GMYDX   30D   2  7 12  1  4   18.4   3.2  26.5  20.9  0.00 0.00  24.1 117   0.0                        0    0    0    0    0    0    0  4160  73.7  5.37  5.03  57  94  4160      0    95.7    5.7    27.5    1.7    23  
A7GMYDX   31C   3  7  0  1  4   16.0   3.2  24.1  19.2  0.00 0.00  24.1 140   0.0                        0    0    0    0    0    0    0  4160  54.1  4.33  4.43  39  72  4160      0   155.9    6.3    33.2    1.4    23  
A7GMYDX   31D   4  7  0  1  4   18.4   3.2  26.5  20.1  0.00 0.00  24.1 124   0.0                        0    0    0    0    0    0    0  4160  64.3  4.68  3.71  49  82  4160      0   103.9    4.8    32.2    1.9    23  
A7GMYDX   32C   5  7  0  1  4   16.8   3.2  23.3  18.4  0.00 0.00  22.5 129   0.0                        0    0    0    0    0    0    0  4160  54.3  4.95  4.00  38  73  4160      0   151.1    6.7    30.9    1.5    23  
A7GMYDX   32D   6  7 12  1  4   19.2   4.0  25.7  21.7  0.00 0.00  22.5 111   0.0                        0    0    0    0    0    0    0  4160  67.5  5.53  5.05  48  87  4160      0    77.2    5.7    26.3    1.8    23  
A7GMYDX   33C   7  7 11  1  4   16.8   3.2  23.3  20.1  0.00 0.00  23.3 126   0.0                        0    0    0    0    0    0    0  4160  62.9  5.11  4.15  46  80  4160      0   135.9    5.5    28.6    1.5    23  
A7GMYDX   33D   8  7  0  1  4   19.2   4.0  27.3  20.9  0.00 0.00  23.3 121   0.0                        0    0    0    0    0    0    0  4160  58.2  4.98  4.11  45  80  4160      0   104.6    5.2    28.9    1.7    23  
A7GMYDX   34C   9  7  0  1  4   17.6   3.2  23.3  20.9  0.00 0.00  23.3 119   0.0                        0    0    0    0    0    0    0  4160  67.1  6.05  4.08  47  90  4160      0   111.2    5.9    26.5    1.3    23  
A7GMYDX   34D  10  7 12  1  4   18.4   4.0  27.3  21.7  0.00 0.00  23.3 112   0.0                        0    0    0    0    0    0    0  4160  54.5  4.87  3.56  39  73  4160      0    93.6    6.0    28.5    1.9    23  
A7GMYDX   35C  11  7 12  1  4   16.8   4.0  24.1  20.9  0.00 0.00  23.3 116   0.0                        0    0    0    0    0    0    0  4160  62.3  5.86  4.96  47  81  4160      0   146.8    4.6    27.6    1.5    23  
A7GMYDX   35D  12  7  8  4 13   20.1   3.2  27.3  20.1  0.00 0.00  23.3 123   0.0                      362    0  358    0  320    0    0  3798  63.3  5.61  0.00  11  83  4160    361   100.4   31.0    22.9    7.5     6  362 pixel defect
A7GMYDX   36C  13  7 12  1  4   16.8   4.0  23.3  20.9  0.00 0.00  24.1 118   0.0                        0    0    0    0    0    0    0  4160  64.6  5.51  4.38  47  85  4160      0   141.1    5.4    29.1    1.4    23  
A7GMYDX   36D  14  7 12  1  4   19.2   4.0  28.1  21.7  0.00 0.00  23.3 111   0.0                        1    0    1    0    0    0    0  4159  48.5  3.78  2.71  35  69  4160      0   113.4    4.8    28.9    1.6    22  1 pixel defect
A7GMYDX   37C  15  7 12  1  4   16.8   4.0  24.9  21.7  0.00 0.00  23.3 111   0.0                        0    0    0    0    0    0    0  4160  46.6  3.65  2.91  33  62  4160      0   169.2    5.9    31.9    1.4    23  
A7GMYDX   37D  16  7  0  1  4   17.6   3.2  27.3  21.7  0.00 0.00  23.3 111   0.0                        0    0    0    0    0    0    0  4160  53.1  4.25  3.63  41  71  4160      0   117.1    5.6    32.1    1.8    23  
A7GMYDX   38C  17  7 12  1  5   16.0   3.2  23.3  18.4  0.00 0.00  23.3 129   0.0                        0    0    0    0    0    0    0  4160  62.9  5.33  3.56  46  80  4160      0   131.3    5.0    31.0    1.5    23  
A7GMYDX   38D  18  7  0  1  5   19.2   3.2  26.5  20.9  0.00 0.00  24.1 119   0.0                        0    0    0    0    0    0    0  4160  66.1  5.18  3.83  48  87  4160      0   101.2    5.1    28.9    1.7    23  
A7GMYDX   39C  19  7  0  1  5   16.8   3.2  24.1  20.9  0.00 0.00  23.3 118   0.0                        0    0    0    0    0    0    0  4160  59.3  6.03  3.80  43  80  4160      0   166.7    5.1    30.7    1.4    23  
A7GMYDX   39D  20  7 12  1  5   20.1   3.2  27.3  17.6  0.00 0.00  23.3 143   0.0                        0    0    0    0    0    0    0  4160  58.2  5.44  3.99  44  80  4160      0   124.4    5.2    27.9    2.0    23  
A7GMYDX   30A   1  8 12  1  5   16.8   3.2  23.3  18.4  0.00 0.00  23.3 142   0.0                        0    0    0    0    0    0    0  4160  65.6  5.78  4.46  48  83  4160      0   146.7    5.8    33.3    1.8    23  
A7GMYDX   31A   3  8 12  1  5   16.0   3.2  23.3  19.2  0.00 0.00  24.1 140   0.0                        0    0    0    0    0    0    0  4160  63.7  4.79  3.89  48  81  4160      0   143.1    5.4    29.8    1.6    23  
A7GMYDX   32A   5  8 11  1  5   16.8   3.2  23.3  20.9  0.00 0.00  24.1 123   0.0                        0    0    0    0    0    0    0  4160  61.3  5.27  4.02  47  80  4160      0   153.2    4.9    32.6    1.7    23  
A7GMYDX   33A   7  8 12  1  5   16.8   3.2  23.3  20.9  0.00 0.00  23.3 118   0.0                        0    0    0    0    0    0    0  4160  52.6  4.46  3.69  37  71  4160      0   149.9    4.2    29.1    1.5    23  
A7GMYDX   34A   9  8 12  1  5   16.8   4.0  24.1  21.7  0.00 0.00  23.3 115   0.0                        0    0    0    0    0    0    0  4160  60.5  5.18  4.19  45  81  4160      0   158.4    5.5    30.1    1.7    23  
A7GMYDX   35A  11  8  8  4 13   16.8   3.2  23.3  20.9  0.00 0.00  23.3 121   0.0                      160  160    0    0    0    0    0  4000  65.8  6.73  0.00  48  88  4160      0   140.2   12.4    25.7    5.4     6  160 pixel defect
A7GMYDX   36A  13  8  0  1  5   16.8   3.2  24.1  19.2  0.00 0.00  23.3 129   0.0                        0    0    0    0    0    0    0  4160  64.6  5.50  4.10  45  83  4160      0   133.3    4.7    29.1    1.5    23  
A7GMYDX   37A  15  8 11  1  5   17.6   4.0  24.1  20.9  0.00 0.00  23.3 116   0.0                        0    0    0    0    0    0    0  4160  62.2  4.93  4.14  48  83  4160      0   147.3    5.8    29.3    1.5    23  
A7GMYDX   38A  17  8  8  4 13   63.5   3.2  61.1  20.1  0.00 0.00  23.3 128   0.0                      160   77  106  110   83    0    0  4000  77.7  4.44  0.00  62  98  4160    114   131.1   19.6    26.2   12.6     6  160 pixel defect
A7GMYDX   39A  19  8  0  1  5   16.8   4.0  24.1  23.3  0.00 0.00  23.3 101   0.0                        0    0    0    0    0    0    0  4160  59.3  5.57  3.49  43  79  4160      0   160.0    4.8    31.8    1.6    23  
A7GMYDX   40C   1  9 12  1  5   16.0   3.2  22.5  20.1  0.00 0.00  23.3 122   0.0                        0    0    0    0    0    0    0  4160  63.7  5.94  4.90  48  93  4160      0   143.7    5.5    31.7    1.6    23  
A7GMYDX   40D   2  9 12  1  5   17.6   3.2  27.3  20.9  0.00 0.00  24.1 118   0.0                        0    0    0    0    0    0    0  4160  54.2  4.72  3.24  41  78  4160      0    94.0    5.1    30.5    2.0    23  
A7GMYDX   41C   3  9 12  1  5   16.0   4.0  22.5  20.9  0.00 0.00  23.3 114   0.0                        0    0    0    0    0    0    0  4160  61.8  4.73  3.99  48  81  4160      0   142.1    5.9    31.5    1.5    23  
A7GMYDX   41D   4  9  0  1  5   18.4   3.2  27.3  21.7  0.00 0.00  23.3 111   0.0                        0    0    0    0    0    0    0  4160  54.2  4.64  4.06  41  76  4160      0   140.0    5.8    28.4    1.6    23  
A7GMYDX   42C   5  9 12  1  6   16.8   3.2  24.1  20.9  0.00 0.00  24.1 122   0.0                        0    0    0    0    0    0    0  4160  59.8  5.68  4.00  45  82  4160      0   144.7    4.7    29.4    1.5    23  
A7GMYDX   42D   6  9  8  4 13   19.2   3.2  27.3  20.1  0.00 0.00  23.3 125   0.0                     4160    0 4029    1 4160    0    0     0                                                                          6  4160 pixel defect
A7GMYDX   43C   7  9 11  1  6   17.6   3.2  23.3  18.4  0.00 0.00  22.5 129   0.0                        1    0    1    0    1    0    0  4159  60.4  5.35  3.29  43  82  4160      1   139.3    5.8    29.4    1.6    22  1 pixel defect
A7GMYDX   43D   8  9 12  1  6   19.2   3.2  26.5  20.1  0.00 0.00  23.3 122   0.0                        0    0    0    0    0    0    0  4160  65.0  5.15  4.80  48  85  4160      0    81.5    5.0    26.5    1.9    23  
A7GMYDX   44C   9  9 12  1  6   16.8   3.2  24.1  20.1  0.00 0.00  23.3 124   0.0                        0    0    0    0    0    0    0  4160  57.2  4.99  4.30  42  80  4160      0   145.6    4.8    28.4    1.6    23  
A7GMYDX   44D  10  9 12  1  6   19.2   3.2  26.5  20.1  0.00 0.00  24.1 125   0.0                        0    0    0    0    0    0    0  4160  64.6  5.72  4.36  47  86  4160      0    96.3    5.4    26.3    1.8    23  
A7GMYDX   45C  11  9 12  1  6   16.8   3.2  24.1  19.2  0.00 0.00  23.3 129   0.0                        0    0    0    0    0    0    0  4160  50.9  4.75  2.89  33  69  4160      0   154.1    5.4    30.2    1.5    23  
A7GMYDX   45D  12  9  0  1  6   20.9   3.2  27.3  21.7  0.00 0.00  23.3 111   0.0                        0    0    0    0    0    0    0  4160  62.3  5.13  4.80  46  80  4160      0    81.5    5.0    27.0    1.8    23  
A7GMYDX   46C  13  9 12  1  6   16.0   3.2  24.1  21.7  0.00 0.00  23.3 112   0.0                        0    0    0    0    0    0    0  4160  52.6  4.81  3.40  37  74  4160      0   146.0    5.2    29.5    1.6    23  
A7GMYDX   46D  14  9 12  1  6   17.6   3.2  26.5  20.1  0.00 0.00  23.3 125   0.0                        0    0    0    0    0    0    0  4160  60.4  5.06  4.56  47  80  4160      0    85.4    5.8    31.2    1.9    23  
A7GMYDX   47C  15  9 12  1  6   16.8   4.0  24.1  20.9  0.00 0.00  23.3 116   0.0                        0    0    0    0    0    0    0  4160  47.3  3.73  3.49  35  65  4160      0   159.7    5.9    32.6    1.4    23  
A7GMYDX   47D  16  9 12  1  6   20.1   4.0  26.5  20.9  0.00 0.00  23.3 114   0.0                        0    0    0    0    0    0    0  4160  67.6  5.14  4.24  49  92  4160      0    76.2    6.1    29.9    1.8    23  
A7GMYDX   48C  17  9 12  1  6   16.0   4.0  23.3  21.7  0.00 0.00  24.1 114   0.0                        0    0    0    0    0    0    0  4160  61.8  5.29  3.96  48  85  4160      0   140.6    5.4    30.4    1.4    23  
A7GMYDX   48D  18  9 12  1  6   17.6   3.2  26.5  19.2  0.00 0.00  23.3 129   0.0                        0    0    0    0    0    0    0  4160  59.0  5.56  3.85  45  83  4160      0    81.4    6.1    30.6    1.8    23  
A7GMYDX   49C  19  9 11  1  6   16.0   3.2  23.3  20.9  0.00 0.00  23.3 116   0.0                        0    0    0    0    0    0    0  4160  49.0  4.16  3.04  33  69  4160      0   147.0    6.4    34.4    1.7    23  
A7GMYDX   49D  20  9  0  1  6   17.6   3.2  27.3  20.1  0.00 0.00  24.1 126   0.0                        0    0    0    0    0    0    0  4160  61.8  5.36  3.79  48  80  4160      0   125.8    5.2    30.8    1.9    23  
A7GMYDX   40A   1 10 12  1  6   16.8   3.2  23.3  19.2  0.00 0.00  23.3 129   0.0                        0    0    0    0    0    0    0  4160  63.4  5.78  4.09  46  83  4160      0   123.7    4.8    31.2    1.9    23  
A7GMYDX   41A   3 10  0  1  7   16.0   3.2  22.5  20.9  0.00 0.00  24.1 118   0.0                        0    0    0    0    0    0    0  4160  64.9  4.77  2.89  49  83  4160      0   160.6    5.9    32.8    1.8    23  
A7GMYDX   42A   5 10  8  4 13   16.0   3.2  28.1  18.4  0.00 0.00  22.5 129   0.0                      132    0  132    0    0    0    0  4028  42.6  4.55  2.89  31  58  4160      0   148.2    5.3    31.2    1.5     6  132 pixel defect
A7GMYDX   43A   7 10 12  1  7   16.8   3.2  24.1  20.1  0.00 0.00  23.3 125   0.0                        0    0    0    0    0    0    0  4160  57.7  5.08  4.51  42  79  4160      0   145.1    5.0    27.2    1.6    23  
A7GMYDX   44A   9 10 12  1  7   16.8   3.2  24.1  19.2  0.00 0.00  23.3 129   0.0                        0    0    0    0    0    0    0  4160  51.3  4.55  2.54  36  74  4160      0   148.8    6.3    31.4    1.6    23  
A7GMYDX   45A  11 10  0  1  7   16.8   4.0  23.3  23.3  0.00 0.00  23.3 104   0.0                        0    0    0    0    0    0    0  4160  55.1  4.58  3.48  41  74  4160      0   140.6    5.3    30.7    1.7    23  
A7GMYDX   46A  13 10  0  1  7   16.0   3.2  23.3  18.4  0.00 0.00  22.5 129   0.0                        0    0    0    0    0    0    0  4160  58.1  5.51  4.15  43  79  4160      0   137.2    4.8    28.5    1.5    23  
A7GMYDX   47A  15 10  0  1  7   16.8   3.2  23.3  20.9  0.00 0.00  23.3 113   0.0                        0    0    0    0    0    0    0  4160  57.9  4.79  3.86  42  77  4160      0   145.7    5.2    29.7    1.6    23  
A7GMYDX   48A  17 10 12  1  7   16.0   3.2  23.3  19.2  0.00 0.00  23.3 129   0.0                        0    0    0    0    0    0    0  4160  52.1  4.57  2.93  36  74  4160      0   150.7    4.8    31.5    1.6    23  
A7GMYDX   49A  19 10  0  1  7   16.0   3.2  23.3  20.1  0.00 0.00  23.3 126   0.0                        0    0    0    0    0    0    0  4160  61.1  5.29  3.55  44  80  4160      0   144.2    4.7    30.9    1.8    23  
A7GMYDX   50C   1 11  0  1  7   16.0   3.2  24.1  20.1  0.00 0.00  23.3 125   0.0                        0    0    0    0    0    0    0  4160  52.0  5.23  4.14  35  75  4160      0   178.8    6.4    30.7    1.6    23  
A7GMYDX   50D   2 11  0  1  7   18.4   3.2  25.7  21.7  0.00 0.00  23.3 111   0.0                        0    0    0    0    0    0    0  4137  83.6  5.45  5.38  65  99  4160      0    95.7    6.0    27.5    1.9    23  
A7GMYDX   51C   3 11  0  1  7   17.6   4.0  22.5  20.1  0.00 0.00  23.3 125   0.0                        0    0    0    0    0    0    0  4160  64.1  4.94  3.89  48  82  4160      0   132.7    4.8    31.5    1.6    23  
A7GMYDX   51D   4 11  0  1  7   18.4   3.2  26.5  19.2  0.00 0.00  23.3 129   0.0                        0    0    0    0    0    0    0  4160  68.7  5.25  4.66  52  86  4160      0    91.1    5.3    27.8    1.8    23  
A7GMYDX   52C   5 11 12  1  7   16.0   3.2  23.3  19.2  0.00 0.00  23.3 129   0.0                        0    0    0    0    0    0    0  4160  66.4  5.13  3.44  48  85  4160      0   142.1    5.0    28.3    1.4    23  
A7GMYDX   52D   6 11 11  1  7   17.6   3.2  27.3  18.4  0.00 0.00  22.5 129   0.0                        1    0    1    0    0    0    0  4159  50.2  4.32  3.66  34  70  4160      0   100.2    5.3    31.1    1.8    22  1 pixel defect
A7GMYDX   53C   7 11 11  1  7   16.0   3.2  24.1  20.1  0.00 0.00  24.1 129   0.0                        0    0    0    0    0    0    0  4160  51.6  4.46  3.38  37  69  4160      0   173.8    5.2    32.7    1.5    23  
A7GMYDX   53D   8 11 11  1  7   17.6   4.0  27.3  21.7  0.00 0.00  23.3 111   0.0                        0    0    0    0    0    0    0  4160  51.1  4.03  2.86  37  71  4160      0   100.5    5.8    31.9    1.8    23  
A7GMYDX   54C   9 11 11  1  8   16.0   3.2  24.1  20.1  0.00 0.00  23.3 122   0.0                        0    0    0    0    0    0    0  4160  61.7  5.59  3.74  43  82  4160      0   143.6    5.5    29.1    1.6    23  
A7GMYDX   54D  10 11 12  1  8   19.2   3.2  26.5  18.4  0.00 0.00  22.5 129   0.0                        0    0    0    0    0    0    0  4160  52.0  4.90  4.15  36  73  4160      0    94.8    5.2    29.0    2.0    23  
A7GMYDX   55C  11 11 11  1  8   16.8   3.2  24.1  20.1  0.00 0.00  23.3 122   0.0                        0    0    0    0    0    0    0  4160  53.0  4.53  3.24  38  70  4160      0   171.8    5.9    30.9    1.5    23  
A7GMYDX   55D  12 11  0  1  8   19.2   3.2  27.3  21.7  0.00 0.00  23.3 115   0.0                        0    0    0    0    0    0    0  4160  51.3  4.30  3.94  33  70  4160      0   117.5    5.2    28.0    1.7    23  
A7GMYDX   56C  13 11  0  1  8   16.0   3.2  23.3  20.9  0.00 0.00  23.3 117   0.0                        0    0    0    0    0    0    0  4160  59.3  4.86  4.29  41  80  4160      0   137.3    5.8    31.3    1.5    23  
A7GMYDX   56D  14 11  0  1  8   19.2   3.2  27.3  20.1  0.00 0.00  23.3 126   0.0                        0    0    0    0    0    0    0  4160  59.2  5.28  4.25  41  80  4160      0   114.9    5.5    28.8    1.8    23  
A7GMYDX   57C  15 11  0  1  8   16.8   3.2  24.1  19.2  0.00 0.00  23.3 129   0.0                        0    0    0    0    0    0    0  4160  51.5  4.18  3.30  37  68  4160      0   138.7    4.9    30.1    1.4    23  
A7GMYDX   57D  16 11 12  1  8   17.6   3.2  27.3  21.7  0.00 0.00  24.1 113   0.0                        0    0    0    0    0    0    0  4160  55.6  4.88  4.75  42  75  4160      0   112.9    6.5    32.2    1.7    23  
A7GMYDX   58C  17 11 11  1  8   16.0   3.2  23.3  20.1  0.00 0.00  24.1 126   0.0                        0    0    0    0    0    0    0  4160  57.4  5.31  3.98  43  78  4160      0   148.2    4.9    31.6    1.4    23  
A7GMYDX   58D  18 11 12  1  8   18.4   3.2  27.3  20.1  0.00 0.00  23.3 127   0.0                        0    0    0    0    0    0    0  4160  57.6  4.69  3.11  46  75  4160      0   116.8    4.9    31.0    1.8    23  
A7GMYDX   59C  19 11  0  1  8   16.8   3.2  23.3  19.2  0.00 0.00  23.3 129   0.0                        0    0    0    0    0    0    0  4160  68.7  6.54  3.95  49  91  4160      0   155.5    5.3    28.1    1.7    23  
A7GMYDX   59D  20 11 12  1  8   17.6   3.2  27.3  20.1  0.00 0.00  23.3 124   0.0                        0    0    0    0    0    0    0  4160  53.9  4.60  3.94  41  75  4160      0   149.9    5.6    32.2    1.8    23  
A7GMYDX   50A   1 12  1  5 14  394.7   9.6                                    0.0                                                                                                                                               0  shortcut
A7GMYDX   51A   3 12 12  1  8   16.8   3.2  23.3  19.2  0.00 0.00  23.3 129   0.0                        0    0    0    0    0    0    0  4160  68.0  5.33  4.06  50  86  4160      0   135.7    4.7    29.2    1.6    23  
A7GMYDX   52A   5 12 11  1  8   16.0   4.0  22.5  20.9  0.00 0.00  23.3 120   0.0                        0    0    0    0    0    0    0  4160  68.9  5.41  3.65  51  87  4160      0   152.8    5.5    31.5    1.6    23  
A7GMYDX   53A   7 12  0  1  8   16.8   3.2  24.9  18.4  0.00 0.00  23.3 140   0.0                        0    0    0    0    0    0    0  4160  51.5  4.74  3.91  37  69  4160      0   137.3    5.1    31.1    1.6    23  
A7GMYDX   54A   9 12  0  1  8   16.8   3.2  24.1  20.1  0.00 0.00  24.1 128   0.0                        0    0    0    0    0    0    0  4160  55.5  4.90  4.24  42  74  4160      0   149.4    5.3    32.1    1.7    23  
A7GMYDX   55A  11 12  9  3 12   16.8   4.0  24.9  23.3  0.00 0.00  23.3 104   0.0                       10    0   10    0    0    0    0  4150  45.5  3.98  2.91  33  61  4160      0   158.9    5.2    30.6    1.7    13  10 pixel defect (<=1%)
A7GMYDX   56A  13 12  0  1  9   16.0   3.2  23.3  18.4  0.00 0.00  22.5 129   0.0                        0    0    0    0    0    0    0  4160  54.8  4.76  3.69  43  75  4160      0   129.9    5.7    29.8    1.6    23  
A7GMYDX   57A  15 12  0  1  9   17.6   4.0  23.3  22.5  0.00 0.00  23.3 110   0.0                        0    0    0    0    0    0    0  4160  57.5  4.86  4.01  45  75  4160      0   151.2    4.6    30.0    1.6    23  
A7GMYDX   58A  17 12  0  1  9   16.0   4.0  23.3  20.9  0.00 0.00  23.3 120   0.0                        0    0    0    0    0    0    0  4160  59.9  5.23  2.95  44  84  4160      0   142.8    6.6    32.3    1.8    23  
A7GMYDX   59A  19 12  0  1  9   16.8   3.2  23.3  20.1  0.00 0.00  24.1 126   0.0                        0    0    0    0    0    0    0  4160  55.2  5.31  3.71  40  77  4160      0   163.9    4.2    30.6    1.6    23  
A7GMYDX   61C   3 13  0  1  9   16.8   4.0  24.1  20.9  0.00 0.00  23.3 117   0.0                        0    0    0    0    0    0    0  4160  58.9  5.41  4.29  45  79  4160      0   138.0    5.9    32.4    1.6    23  
A7GMYDX   61D   4 13  0  1  9   19.2   3.2  26.5  19.2  0.00 0.00  23.3 128   0.0                        0    0    0    0    0    0    0  4160  63.4  5.41  4.85  48  87  4160      0    94.6    6.2    30.0    2.0    23  
A7GMYDX   62C   5 13 12  1  9   16.8   3.2  23.3  20.9  0.00 0.00  24.1 121   0.0                        0    0    0    0    0    0    0  4160  63.9  5.32  4.43  49  85  4160      0   171.6    5.3    30.8    1.4    23  
A7GMYDX   62D   6 13 12  1  9   19.2   3.2  26.5  19.2  0.00 0.00  23.3 129   0.0                        0    0    0    0    0    0    0  4160  58.6  4.89  5.17  45  77  4160      0   138.6    5.6    30.7    1.7    23  
A7GMYDX   63C   7 13 12  1  9   16.8   3.2  23.3  19.2  0.00 0.00  23.3 129   0.0                        0    0    0    0    0    0    0  4160  49.9  3.92  3.84  31  67  4160      0   169.3    5.2    33.0    1.4    23  
A7GMYDX   63D   8 13 12  1  9   19.2   3.2  26.5  20.1  0.00 0.00  24.1 126   0.0                        0    0    0    0    0    0    0  4160  56.6  4.96  3.48  43  71  4160      0   131.1    5.1    31.0    1.7    23  
A7GMYDX   64C   9 13 12  1  9   16.0   3.2  23.3  19.2  0.00 0.00  23.3 127   0.0                        0    0    0    0    0    0    0  4160  53.9  4.86  3.75  37  75  4160      0   152.7    5.5    33.4    1.6    23  
A7GMYDX   64D  10 13  0  1  9   17.6   4.0  27.3  21.7  0.00 0.00  24.1 115   0.0                        0    0    0    0    0    0    0  4160  51.3  4.17  3.59  37  77  4160      0   102.2    6.5    32.5    1.8    23  
A7GMYDX   65C  11 13  0  1  9   16.8   3.2  24.1  20.1  0.00 0.00  24.1 128   0.0                        0    0    0    0    0    0    0  4160  58.2  5.06  3.71  45  74  4160      0   149.6    5.5    30.5    1.4    23  
A7GMYDX   65D  12 13 11  1  9   19.2   3.2  27.3  20.9  0.00 0.00  24.1 122   0.0                        0    0    0    0    0    0    0  4160  49.3  3.45  2.72  34  67  4160      0   122.0    5.5    33.7    1.8    23  
A7GMYDX   66C  13 13  0  1  9   16.8   3.2  23.3  20.1  0.00 0.00  24.1 125   0.0                        0    0    0    0    0    0    0  4160  57.2  4.88  4.05  44  75  4160      0   147.0    5.2    33.0    1.5    23  
A7GMYDX   66D  14 13  0  1  9   19.2   4.0  26.5  24.1  0.00 0.00  22.5  89   0.0                        0    0    0    0    0    0    0  4160  49.7  3.59  3.35  37  65  4160      0   117.4    5.1    28.6    1.7    23  
A7GMYDX   67C  15 13  0  1 10   16.0   3.2  23.3  20.9  0.00 0.00  24.1 118   0.0                        0    0    0    0    0    0    0  4160  59.6  5.15  4.56  45  79  4160      0   153.1    4.8    31.5    1.4    23  
A7GMYDX   67D  16 13 12  1 10   17.6   3.2  27.3  21.7  0.00 0.00  23.3 113   0.0                        0    0    0    0    0    0    0  4160  58.5  4.76  4.04  45  78  4160      0   108.7    5.6    28.7    1.8    23  
A7GMYDX   68C  17 13  0  1 10   16.0   3.2  23.3  20.1  0.00 0.00  24.1 124   0.0                        0    0    0    0    0    0    0  4160  68.8  5.58  4.94  51  89  4160      0   126.0    4.6    28.5    1.6    23  
A7GMYDX   68D  18 13 12  1 10   19.2   4.0  27.3  21.7  0.00 0.00  23.3 111   0.0                        0    0    0    0    0    0    0  4160  59.4  5.19  3.94  47  79  4160      0   111.0    5.4    27.1    1.7    23  
A7GMYDX   61A   3 14  0  1 10   17.6   4.0  24.1  20.9  0.00 0.00  23.3 116   0.0                        0    0    0    0    0    0    0  4160  57.8  5.01  4.93  44  80  4160      0   161.0    5.6    32.2    1.8    23  
A7GMYDX   62A   5 14  0  1 10   16.8   3.2  22.5  18.4  0.00 0.00  23.3 143   0.0                        0    0    0    0    0    0    0  4157  78.9  4.96  3.86  61  99  4160      0   123.5    5.0    28.9    1.8    23  
A7GMYDX   63A   7 14 12  1 10   16.0   3.2  22.5  20.1  0.00 0.00  23.3 127   0.0                        0    0    0    0    0    0    0  4160  72.1  5.17  3.83  55  92  4160      0   142.4    5.7    28.6    1.5    23  
A7GMYDX   64A   9 14 11  1 10   16.8   3.2  23.3  17.6  0.00 0.00  23.3 141   0.0                        0    0    0    0    0    0    0  4160  64.8  5.01  3.82  49  81  4160      0   152.5    6.2    31.3    1.7    23  
A7GMYDX   65A  11 14 12  1 10   16.8   3.2  23.3  21.7  0.00 0.00  24.1 112   0.0                        0    0    0    0    0    0    0  4160  57.6  4.88  3.55  44  77  4160      0   180.3    5.1    31.0    1.6    23  
A7GMYDX   66A  13 14 12  1 10   17.6   4.0  23.3  21.7  0.00 0.00  23.3 111   0.0                        0    0    0    0    0    0    0  4160  57.8  5.02  4.06  44  78  4160      0   166.0    4.3    31.2    1.6    23  
A7GMYDX   67A  15 14 12  1 10   16.0   3.2  22.5  20.1  0.00 0.00  23.3 125   0.0                        0    0    0    0    0    0    0  4160  66.0  5.23  3.22  49  87  4160      0   146.5    5.0    29.4    1.6    23  
A7GMYDX   68A  17 14 11  1 10   16.8   3.2  22.5  20.1  0.00 0.00  23.3 127   0.0                        0    0    0    0    0    0    0  4160  68.8  5.43  4.16  53  94  4160      0   139.8    4.5    28.5    1.7    23  
A7GMYDX   72C   5 15  0  1 10   16.8   3.2  22.5  19.2  0.00 0.00  23.3 140   0.0                        0    0    0    0    0    0    0  4160  72.2  5.50  5.36  55  92  4160      0   154.7    5.7    30.3    1.7    23  
A7GMYDX   72D   6 15  8  4 13   17.6   3.2  26.5  20.9  0.00 0.00  24.1 122   0.0                       52    0   51    0    0    0    0  4108  69.5  5.85  5.03  51  95  4160     44   144.2   12.7    28.9    3.9     6  52 pixel defect
A7GMYDX   73C   7 15 12  1 10   16.8   3.2  21.7  19.2  0.00 0.00  22.5 129   0.0                        0    0    0    0    0    0    0  4126  83.7  5.72  4.07  65  99  4160      0   127.6    6.0    29.9    1.6    23  
A7GMYDX   73D   8 15  0  1 10   17.6   3.2  26.5  20.9  0.00 0.00  23.3 120   0.0                        0    0    0    0    0    0    0  4160  57.1  4.97  3.77  45  79  4160      0   124.9    4.7    29.9    1.8    23  
A7GMYDX   74C   9 15 12  1 10   16.0   3.2  22.5  18.4  0.00 0.00  23.3 140   0.0                        0    0    0    0    0    0    0  4160  70.5  5.51  4.26  53  94  4160      0   159.9    5.3    31.9    1.6    23  
A7GMYDX   74D  10 15 12  1 11   17.6   3.2  27.3  20.1  0.00 0.00  24.1 125   0.0                        0    0    0    0    0    0    0  4160  54.1  4.96  3.48  38  76  4160      0   132.4    6.1    31.3    2.0    23  
A7GMYDX   75C  11 15 12  1 11   16.8   3.2  22.5  19.2  0.00 0.00  23.3 129   0.0                        0    0    0    0    0    0    0  4160  70.8  5.17  4.50  55  93  4160      0   127.8    4.7    30.4    1.7    23  
A7GMYDX   75D  12 15 12  1 11   18.4   4.0  26.5  20.9  0.00 0.00  23.3 114   0.0                        0    0    0    0    0    0    0  4160  56.3  4.82  4.21  43  77  4160      0   123.0    5.8    32.1    2.0    23  
A7GMYDX   76C  13 15 12  1 11   16.0   4.0  23.3  22.5  0.00 0.00  23.3 106   0.0                        0    0    0    0    0    0    0  4160  62.5  5.24  3.31  47  83  4160      0   135.5    4.9    28.8    1.6    23  
A7GMYDX   76D  14 15  0  1 11   18.4   3.2  26.5  18.4  0.00 0.00  22.5 129   0.0                        0    0    0    0    0    0    0  4160  55.2  5.41  4.44  40  79  4160      0   105.9    5.3    28.5    1.7    23  
A7GMYDX   77C  15 15  0  1 11   16.0   3.2  23.3  19.2  0.00 0.00  22.5 129   0.0                        0    0    0    0    0    0    0  4160  61.7  5.80  4.41  46  82  4160      0   133.9    5.5    30.1    1.6    23  
A7GMYDX   77D  16 15  0  1 11   19.2   3.2  26.5  20.9  0.00 0.00  24.1 122   0.0                        0    0    0    0    0    0    0  4160  67.0  5.59  4.24  50  87  4160      0   125.1    5.4    28.1    2.0    23  
A7GMYDX   72A   5 16  4  5 14   16.8   3.2  23.3  20.1  0.00 0.00  23.3 124   0.0                                                                                                                                               3  I2C
A7GMYDX   73A   7 16 12  1 11   16.8   3.2  23.3  19.2  0.00 0.00  23.3 129   0.0                        0    0    0    0    0    0    0  4159  75.2  5.72  4.26  55  95  4160      0   138.2    5.4    28.9    1.7    23  
A7GMYDX   74A   9 16  0  1 11   16.8   3.2  23.3  19.2  0.00 0.00  22.5 129   0.0                        0    0    0    0    0    0    0  4160  57.8  5.10  4.30  45  78  4160      0   154.3    5.5    30.7    1.7    23  
A7GMYDX   75A  11 16 12  1 11   16.0   3.2  22.5  20.9  0.00 0.00  24.1 124   0.0                        0    0    0    0    0    0    0  4160  64.2  5.09  3.51  48  85  4160      0   147.9    4.7    29.5    1.8    23  
A7GMYDX   76A  13 16 12  1 11   16.8   3.2  22.5  17.6  0.00 0.00  23.3 143   0.0                        0    0    0    0    0    0    0  4158  76.7  5.47  4.17  57  98  4160      0   132.1    5.1    27.4    1.8    23  
A7GMYDX   77A  15 16 11  1 11   16.0   3.2  23.3  19.2  0.00 0.00  22.5 129   0.0                        0    0    0    0    0    0    0  4160  56.9  4.97  4.42  44  76  4160      0   142.3    6.4    30.0    1.8    23  
