WAFER     POS  PX PY BIN C GR  IDIG0 IANA0 IDIGI IANAI VDREG VDAC  IANA V24  BLLVL ADSTP  DC DD WB TS DB DP  DPIX ADDR TRIM MASK NSIG NOIS THRO T2F T2P  PCNT PMEAN  PSTD PMCOL PMI PMA   NPH PHFAIL PHOMEAN PHOSTD PHGMEAN PHGSTD  FAIL  FAILSTRING
K7NEF6T   03C   7  1  0  1  1   23.0   0.4  26.0  19.5  2.05 1.92  23.9 156    4.4  86.0   0  0  0  0  0  0     0    0    0    0    0    0    0          4160  72.8  2.69  1.03  66  85  4160      0    -6.3   17.0   172.2    6.1    23  
K7NEF6T   03D   8  1  0  1  1   28.8   3.0  25.3  18.8  1.98 1.93  23.7 157    1.3  83.0   0  0  0  0  0  0     0    0    0    0    0    0    0          4160  72.5  2.61  1.19  66  85  4160      0   -46.9   11.9   158.2    8.4    23  
K7NEF6T   04C   9  1  0  1  1   30.2   0.6  27.0  29.8  2.03 1.91  23.7 134   -1.2  86.8   0  0  0  0  0  0     0    0    0    0    0    0    0          4160  66.5  2.75  1.17  60  79  4160      0   -63.0   14.5   195.5    7.8    23  
K7NEF6T   04D  10  1  0  1  1   30.5   0.6  26.0  30.2  1.99 1.91  23.9 133   -5.9  83.8   0  0  0  0  0  0     0    0    0    0    0    0    0          4160  77.2  2.32  1.09  70  89  4160      0   -87.3   12.1   191.2    7.7    23  
K7NEF6T   05C  11  1  0  1  1   28.6   0.6  26.7  30.5  1.97 1.91  24.2 133   -4.8  88.2   0  0  0  0  0  0     1    0    0    0    0    0    1          4160  71.4  3.24  1.48  63  87  4160      0     0.6   16.0   195.1    8.6    22  1 pixel defect
K7NEF6T   05D  12  1  0  1  1   22.8   0.6  27.4  29.8  2.03 1.91  23.7 134    3.8  80.2   0  0  0  0  0  0     0    0    0    0    0    0    0          4160  63.4  2.46  0.92  58  78  4160      0     5.1   12.9   149.7    7.3    23  
K7NEF6T   06C  13  1  0  1  1   22.3   0.4  28.4  30.9  2.01 1.90  23.9 132    4.2  91.2   0  0  0  0  0  0     0    0    0    0    0    0    0          4160  50.6  2.50  0.91  46  62  1130      0    -2.5   14.2   168.5   12.8    23  
K7NEF6T   06D  14  1  0  1  1   21.4   0.4  27.9  31.4  2.00 1.91  23.9 131    1.2  90.3   0  0  0  0  0  0     1    0    0    0    0    0    1          4160  52.3  2.52  1.17  48  68   750      0    -1.4   15.8   190.4    7.7    22  1 pixel defect
K7NEF6T   03A   7  2  0  1  1   20.7   0.6  25.6  18.1  2.04 1.91  22.8 157   -0.6  79.2   0  0  0  0  0  0     0    0    0    0    0    0    0          4160  73.7  2.97  1.11  66  84  4160      0   -38.1   11.5   159.4    9.0    23  
K7NEF6T   03B   8  2  0  3 14   21.2  57.0  25.6  30.5  2.03 1.89  24.2 133    2.8  85.7   0  0  0  0  0  0     0    0    0    0    0    0    0          4160  82.1  2.22  0.76  75  92  4160      0   -55.0   11.7   178.8    7.0    14  Thrshold(mean) = 82.1 (30...80)
K7NEF6T   04A   9  2  0  1  1   26.3   0.4  26.3  34.4  2.03 1.92  23.3 125    3.7  84.7   0  0  0  0  0  0     0    0    0    0    0    0    0          4160  77.6  2.46  1.38  70  87  4160      0   -30.6   12.4   185.2    7.0    23  
K7NEF6T   04B  10  2  0  1  1   26.0   3.2  26.5  30.5  2.03 1.91  23.5 132   10.7  96.8   0  0  0  0  0  0     0    0    0    0    0    0    0          4160  78.6  2.04  1.29  71  87  4160      0     7.8   12.9   217.4    7.9    23  
K7NEF6T   05A  11  2  0  1  1   28.1   0.4  26.3  25.6  2.00 1.90  24.2 143    1.6  85.4   0  0  0  0  0  0     0    0    0    0    0    0    0          4160  76.7  2.62  1.08  69  89  4160      0   -41.7   12.8   186.2    7.9    23  
K7NEF6T   05B  12  2  0  1  1   20.0   0.4  25.8  30.7  1.98 1.92  23.9 133    3.7  88.3   0  0  0  0  0  0     0    0    0    0    0    0    0          4160  75.9  2.35  1.16  69  83  4160      0   -43.4   13.2   195.0    7.8    23  
K7NEF6T   06A  13  2  0  1  1   23.7   1.6  28.1  31.6  2.00 1.92  23.7 131    9.4  88.9   0  0  0  0  0  0     0    0    0    0    0    0    0          4160  64.7  2.28  1.26  59  76  4160      0     1.5   12.0   188.3    7.2    23  
K7NEF6T   06B  14  2  0  1  1   20.0   0.6  27.0  24.9  1.97 1.91  23.5 143    1.7  86.7   0  0  0  0  0  0     0    0    0    0    0    0    0          4160  56.5  2.40  1.24  50  68  4160      0   -71.1   12.0   161.9    8.9    23  
K7NEF6T   11C   3  3 12  4 15   19.8   1.3  25.8  17.9  2.03 1.91  23.7 160   -3.1  89.0   0  0  0  0  0  0     1    1    1    0    1    0    1   1   0  4159  73.4  2.35  1.36  67  84  4159      0   -95.0   13.4   181.0    8.8     8  1 pixel address defect
K7NEF6T   11D   4  3  1  5 18  215.7   0.6                                                                                                                                                                                             0  shortcut
K7NEF6T   12C   5  3  0  1  1   19.8   0.6  27.4  29.8  2.01 1.92  23.7 134    7.1  94.5   0  0  0  0  0  0     0    0    0    0    0    0    0          4160  60.8  2.63  1.29  54  74  4132      0   -18.7   15.8   188.4    8.1    23  
K7NEF6T   12D   6  3  7  4 15   61.9   0.6  63.1  21.9  2.03 1.93  23.9 150    1.7  85.6   1  0  0  1  0  0    86    0   86    0   54    0   53          4074  67.8  2.83  4.69  43  79  4115      0     9.6   13.9   196.2    6.9     5  1 dcol defect
K7NEF6T   13C   7  3  0  1  2   28.8   0.6  27.4  24.9  2.01 1.91  23.3 143   -4.7  93.0   0  0  0  0  0  0     0    0    0    0    0    0    0          4160  51.2  2.25  1.05  46  62  4160      0    38.9   13.6   202.8    9.1    23  
K7NEF6T   13D   8  3  0  1  2   22.1   1.1  25.3  25.6  1.99 1.91  23.7 142    6.7  88.6   0  0  0  0  0  0     0    0    0    0    0    0    0          4160  67.9  2.32  1.11  62  79  4160      0   -10.4   12.0   191.7    8.2    23  
K7NEF6T   14C   9  3  0  1  2   21.9   0.6  26.3  28.8  2.01 1.92  23.9 136    1.6  81.0   0  0  0  0  0  0     0    0    0    0    0    0    0          4160  62.0  2.63  0.98  55  74  4137      0    -9.3   14.5   189.6    8.1    23  
K7NEF6T   14D  10  3  0  1  2   18.4   0.4  26.5  19.8  2.04 1.93  23.9 155   -0.8  86.1   0  0  0  0  0  0     1    0    0    0    0    0    0          4160  57.9  2.61  2.39  52  69  4160      1   -83.5   13.2   199.1   11.7    22  1 pixel defect
K7NEF6T   15C  11  3  0  1  2   21.9  27.9  27.9  30.7  1.98 1.92  23.7 132   -8.7  83.5   0  0  0  0  0  0     0    0    0    0    0    0    0          4160  48.9  2.31  0.95  43  61   555      0   -70.3   11.3   184.0    8.4    23  
K7NEF6T   15D  12  3  0  1  2   20.7   0.6  26.7  27.9  1.99 1.91  24.2 138   -1.1  90.9   0  0  0  0  0  0     0    0    0    0    0    0    0          4160  59.8  2.21  1.27  53  73  1003      0   -43.3   14.4   196.9    8.7    23  
K7NEF6T   16C  13  3  7  4 15   24.6   0.4  27.2  26.5  1.99 1.88  23.9 141   -6.9  85.3   1  0  1  1  0  0   159  158    1    0    1    0    1          4001  54.8  2.47  0.00  48  66  2524     75   -50.2   12.3   181.9   33.5     5  1 dcol defect
K7NEF6T   16D  14  3  0  1  2   33.3  10.4  24.9  16.5  2.00 1.90  24.2 164   -1.0  79.2   0  0  0  0  0  0     0    0    0    0    0    0    0          4160  73.8  2.57  1.06  65  87  4160      0   -98.0   12.3   137.9   11.3    23  
K7NEF6T   17C  15  3  0  1  2   25.1   0.6  27.7  32.1  2.02 1.92  23.9 130    3.8  83.8   0  0  0  0  0  0     0    0    0    0    0    0    0          4160  65.2  3.06  1.71  58  77  4160      0    34.8   13.5   174.2    7.9    23  
K7NEF6T   17D  16  3  0  1  2   32.8   0.4  27.4  34.7  2.00 1.91  23.5 124    2.9  84.0   0  0  0  0  0  0     0    0    0    0    0    0    0          4160  56.6  2.22  1.15  51  69  3909      0     2.6   12.3   170.7    7.8    23  
K7NEF6T   18C  17  3  0  1  2   23.7   1.3  25.3  18.1  1.99 1.89  22.8 157   -3.6  85.6   0  0  0  0  0  0     0    0    0    0    0    0    0          4160  69.8  2.98  1.49  63  82  4160      0   -34.3   12.5   176.0    9.9    23  
K7NEF6T   18D  18  3  0  1  2   22.1   0.6  26.5  21.6  2.07 1.91  23.7 150   -4.5  84.3   0  0  0  0  0  0     0    0    0    0    0    0    0          4160  61.0  2.55  1.53  54  74  4158      0    -5.8   16.6   183.6    7.1    23  
K7NEF6T   11A   3  4  0  1  2   23.9  55.2  26.7  23.3  2.04 1.90  23.9 147    0.5  84.5   0  0  0  0  0  0     0    0    0    0    0    0    0          4160  77.7  2.33  1.14  69  88  4160      0    -5.3   11.0   167.0    5.5    23  
K7NEF6T   11B   4  4  0  1  2   25.1   0.6  27.2  27.7  2.02 1.91  24.2 139   -3.7  79.8   0  0  0  0  0  0     0    0    0    0    0    0    0          4160  78.0  2.10  1.06  70  87  4160      0   -37.0   12.9   158.4    5.0    23  
K7NEF6T   12A   5  4  0  1  2   19.5   0.4  25.1  22.1  2.01 1.91  23.9 149   -0.4  83.3   0  0  0  0  0  0     0    0    0    0    0    0    0          4160  70.7  2.78  1.50  64  80  4160      0   -87.3   12.2   165.9   10.1    23  
K7NEF6T   12B   6  4  0  1  2   22.8  48.6  27.4  30.7  1.99 1.91  23.7 132    9.3  90.2   0  0  0  0  0  0     0    0    0    0    0    0    0          4160  50.6  1.89  1.25  46  60  1962      0    11.4   12.5   210.2    5.3    23  
K7NEF6T   13A   7  4  0  1  2   21.4   0.4  26.0  21.9  1.98 1.90  23.7 149   -4.8  80.5   0  0  0  0  0  0     0    0    0    0    0    0    0          4160  59.3  2.66  0.99  53  71  4160      0    18.9   13.5   202.5    9.5    23  
K7NEF6T   13B   8  4  0  1  3   25.8  12.3  24.9  23.0  2.06 1.91  23.9 147    1.2  83.0   0  0  0  0  0  0     0    0    0    0    0    0    0          4160  80.1  2.13  1.04  73  92  4160      0   -35.3   12.3   179.2    6.9    23  
K7NEF6T   14A   9  4  0  1  3   25.6  56.3  26.5  23.0  2.00 1.90  23.9 147   -3.5  86.5   0  0  0  0  0  0     1    0    0    0    0    0    0          4160  59.6  2.90  1.14  53  72  4160      1   -35.7   10.8   219.5   11.0    22  1 pixel defect
K7NEF6T   14B  10  4  0  1  3   28.8   4.8  27.4  29.5  2.03 1.91  23.7 134    2.2  90.0   0  0  0  0  0  0     0    0    0    0    0    0    0          4160  52.0  2.34  1.16  48  64  4157      0     1.2   14.8   213.3    9.3    23  
K7NEF6T   15A  11  4  0  1  3   22.1   8.6  25.6  21.6  1.98 1.90  23.7 150   -2.0  84.3   0  0  0  0  0  0     0    0    0    0    0    0    0          4160  72.5  3.04  1.49  65  81  4160      0    23.4   13.2   196.6    7.3    23  
K7NEF6T   15B  12  4  0  1  3   24.9   4.8  26.0  27.9  2.02 1.92  23.9 138   -3.7  89.3   0  0  0  0  0  0     0    0    0    0    0    0    0          4160  67.0  2.56  1.30  61  77  4160      0   -78.1   12.9   193.8    9.6    23  
K7NEF6T   16A  13  4  7  4 15   21.6   0.6  26.5  23.0  2.01 1.90  23.9 147   -3.3  82.9   1  1  1  1  0  0   160    0  160    0  160    0  160          4000  68.2  3.01  0.00  61  80  4000      0   -19.3   11.1   200.0    8.9     5  1 dcol defect
K7NEF6T   16B  14  4  0  1  3   20.7  24.6  27.7  27.7  2.00 1.92  23.7 138    0.2  91.5   0  0  0  0  0  0     1    0    0    0    0    0    0          4160  56.7  2.61  1.49  50  67  4160      1     2.3   12.9   199.4   10.8    22  1 pixel defect
K7NEF6T   17A  15  4  0  1  3   21.4   1.1  26.5  24.6  2.02 1.93  23.9 144    0.1  80.2   0  0  0  0  0  0     0    0    0    0    0    0    0          4160  63.4  2.50  0.85  55  74  4160      0   -52.6    9.6   174.5    9.6    23  
K7NEF6T   17B  16  4  0  1  3   20.5   0.6  26.5  27.9  2.04 1.90  23.9 138   -3.2  83.8   0  0  0  0  0  0     0    0    0    0    0    0    0          4160  78.7  1.98  1.14  72  86  4160      0     3.1   13.1   180.4    8.3    23  
K7NEF6T   18A  17  4  0  1  3   21.2   0.6  25.1  21.2  1.96 1.91  23.7 152    1.0  83.3   0  0  0  0  0  0     0    0    0    0    0    0    0          4160  77.2  2.30  1.94  69  87  4160      0   -77.8   10.3   153.0    7.7    23  
K7NEF6T   18B  18  4  9  4 15   25.1   0.4  26.3  23.5  2.00 1.92  23.7 145    0.0  82.1   0  0  0  0  0  0    99    0   13    4    9    0    9          4147  63.9  2.17  1.17  50  75  4150     99   -71.7   10.9   155.3   18.8     6  99 pixel defect
K7NEF6T   20C   1  5  5  5 18   27.4  32.6  29.8  20.5  2.06 1.90  23.7 153    0.8  92.5  25 24 25 24  0  0  4052 2019 3174 3432  511 3213 3562           108  51.4  2.81  0.00  47  58                                                4  4052 Pixel defect
K7NEF6T   20D   2  5  1  5 18  191.5   1.1                                                                                                                                                                                             0  shortcut
K7NEF6T   21C   3  5  0  1  3   23.7   0.6  26.5  29.1  1.97 1.91  23.7 134   -6.8  88.7   0  0  0  0  0  0     0    0    0    0    0    0    0          4160  79.0  2.43  1.45  71  89  4160      0   -31.1   13.9   177.2    7.6    23  
K7NEF6T   21D   4  5  0  1  3   24.2   0.4  26.7  25.3  1.99 1.90  23.9 143    3.2  83.0   0  0  0  0  0  0     0    0    0    0    0    0    0          4160  60.5  2.23  0.99  53  71  3264      0   -39.0   12.8   163.7    7.9    23  
K7NEF6T   22C   5  5  0  3 14   20.7   0.6  25.6  18.1  2.02 1.92  22.8 157  -12.7  82.0   0  0  0  0  0  0     0    0    0    0    0    0    0          4160  68.3  2.99  1.08  62  79  4160      0   -98.4   12.1   155.8   10.5    21  AOUT offset = -12.7 (-10...+10)
K7NEF6T   22D   6  5  0  1  3   23.0   1.1  26.7  25.6  2.02 1.91  23.3 142    8.0  87.7   0  0  0  0  0  0     1    0    0    0    0    0    1          4160  51.9  2.72  1.11  47  69  1093      0   -18.3   11.6   173.3    9.9    22  1 pixel defect
K7NEF6T   23C   7  5  0  1  3   30.5   0.6  26.5  27.4  2.01 1.91  23.9 139    1.4  87.9   0  0  0  0  0  0     0    0    0    0    0    0    0          4160  64.3  3.19  1.69  57  79  4160      0   -19.6   12.8   197.2    9.5    23  
K7NEF6T   23D   8  5  0  1  3   20.9   0.6  26.5  24.4  2.00 1.90  23.9 144   -2.1  82.9   0  0  0  0  0  0     0    0    0    0    0    0    0          4160  61.7  2.57  0.95  55  75  4160      0   -41.8   11.7   201.7    8.6    23  
K7NEF6T   24C   9  5  0  1  3   23.9   0.4  27.2  30.2  2.02 1.92  23.7 133   -0.9  84.2   0  0  0  0  0  0     0    0    0    0    0    0    0          4160  61.3  2.78  1.35  54  73  4160      0   -25.1   13.2   188.8    8.7    23  
K7NEF6T   24D  10  5  0  1  3   20.7   0.6  25.8  25.8  1.98 1.92  23.7 142    0.1  85.7   0  0  0  0  0  0     0    0    0    0    0    0    0          4160  75.4  2.92  1.64  67  85  4160      0   -56.5   12.5   204.4   10.1    23  
K7NEF6T   25C  11  5  0  1  4   44.2   0.4  27.2  23.7  1.98 1.91  23.7 145    1.9  83.0   0  0  0  0  0  0     0    0    0    0    0    0    0          4160  60.9  2.81  1.17  54  74  4160      0   -19.7   11.1   200.7    9.4    23  
K7NEF6T   25D  12  5  0  1  4   22.1   0.6  24.9  17.2  1.97 1.90  23.9 162    1.6  81.8   0  0  0  0  0  0     2    0    0    0    0    0    0          4160  64.3  2.84  1.30  56  78  4159      2   -69.7   12.8   192.2   12.4    22  2 pixel defect
K7NEF6T   26C  13  5  0  1  4   25.6   0.6  27.7  35.8  1.97 1.91  23.7 123    3.6  90.8   0  0  0  0  0  0     0    0    0    0    0    0    0          4160  48.9  2.44  0.88  43  62  1393      0    18.5   15.8   231.3    9.1    23  
K7NEF6T   26D  14  5  0  1  4   24.6   0.9  25.8  22.8  2.04 1.92  23.9 147   -4.1  84.7   0  0  0  0  0  0     1    0    0    0    0    0    0          4160  60.3  2.71  1.10  53  74  4160      1   -59.8   11.3   207.0   11.2    22  1 pixel defect
K7NEF6T   27C  15  5  0  1  4   22.6   0.6  26.7  26.5  2.01 1.91  23.9 141   -5.4  80.3   0  0  0  0  0  0     0    0    0    0    0    0    0          4160  68.3  2.53  1.09  62  80  4160      0   -51.6   13.0   171.4    7.5    23  
K7NEF6T   27D  16  5  0  1  4   24.2  33.7  27.7  35.6  2.02 1.92  23.7 123    0.6  93.0   0  0  0  0  0  0     0    0    0    0    0    0    0          4160  65.1  2.61  1.35  58  79  4160      0    10.5   14.2   172.1    8.1    23  
K7NEF6T   28C  17  5  0  1  4   30.2   0.6  26.5  20.7  2.00 1.90  23.5 152    3.1  78.4   0  0  0  0  0  0     0    0    0    0    0    0    0          4160  67.2  2.87  0.99  61  80  4160      0    32.7   12.7   173.7    8.8    23  
K7NEF6T   28D  18  5  1  5 18  272.6 100.1                                                                                                                                                                                             0  shortcut
K7NEF6T   29C  19  5  0  1  4   20.5   0.6  28.1  24.6  2.01 1.91  23.3 143    2.6  88.7   0  0  0  0  0  0     0    0    0    0    0    0    0          4160  51.7  2.48  0.90  47  63  1649      0   -14.7   14.2   195.9    6.3    23  
K7NEF6T   29D  20  5  6  4 15   42.6  59.4  32.6  27.0  2.00 1.91  23.9 140    1.9  85.7   4  4  4  4  0  0   644    6  643    1  638    4  643          3516  72.7  2.66  0.00  66  84                                                5  4 dcol defect
K7NEF6T   20A   1  6 10  4 15   41.2  23.5  25.8  26.7  2.04 1.92  23.9 140    2.3  89.4   0  0  0  0  0  0     6    1    3    0    1    0    6   1   0  4152  87.3  3.07  1.34  80  99  4160      0   -38.0   12.6   155.7    4.6     8  1 pixel address defect
K7NEF6T   20B   2  6  0  3 14   33.5   1.3  26.5  30.9  2.00 1.92  23.9 132    0.9  88.4   0  0  0  0  0  0     1    0    0    0    0    0    1          4160  63.9  2.74  7.99  57  80  4160      0   -18.1   13.0   182.2    6.5    17  Threshold Col-Col = 7.99 (<2.5)
K7NEF6T   21A   3  6  5  4 15   22.3  27.7  23.9  15.3  2.00 1.91  24.2 169   -3.9  77.8   8  0  0  8  0  0  2000    0   31    0 2000    0  104          2160  90.5  1.78  1.11  85  98                                                5  8 dcol defect
K7NEF6T   21B   4  6  0  1  4   27.7  36.5  26.7  34.9  2.03 1.90  23.7 124    3.3  87.1   0  0  0  0  0  0     0    0    0    0    0    0    0          4160  75.2  2.10  1.48  69  84  4160      0   -25.4   13.3   207.0    6.1    23  
K7NEF6T   22A   5  6  0  1  4   25.8  56.3  25.3  28.4  1.99 1.90  23.9 137   -5.9  81.6   0  0  0  0  0  0     0    0    0    0    0    0    0          4160  75.5  2.79  1.01  68  87  4160      0   -51.8   13.1   179.5    7.6    23  
K7NEF6T   22B   6  6  0  1  4   21.9   0.6  24.9  15.8  2.00 1.91  23.5 166    1.8  81.2   0  0  0  0  0  0     0    0    0    0    0    0    0          4160  77.8  2.39  1.46  70  86  4160      0   -73.6    9.8   178.2   10.2    23  
K7NEF6T   23A   7  6  0  1  4   21.9   0.6  27.2  25.1  2.06 1.93  23.5 143   -6.4  83.2   0  0  0  0  0  0     0    0    0    0    0    0    0          4160  60.9  2.43  0.91  55  73  4160      0   -52.2   13.2   201.4    7.7    23  
K7NEF6T   23B   8  6  0  1  4   21.9   3.2  25.1  20.9  1.99 1.91  23.7 152   -2.4  83.7   0  0  0  0  0  0     0    0    0    0    0    0    0          4160  69.0  2.34  1.48  63  78  4160      0   -49.8   11.6   188.6    7.9    23  
K7NEF6T   24A   9  6  0  3 14   22.8   0.4  26.5  25.6  2.04 1.91  23.7 143    5.3  96.3   0  0  0  0  0  0     0    0    0    0    0    0    0          4160  71.6  3.16  2.63  64  83  4160      0    -9.1   14.3   246.0    8.9    17  Threshold Col-Col = 2.63 (<2.5)
K7NEF6T   24B  10  6  1  5 18  113.9  38.9 102.9  41.4                                                                                                                                                                                 0  shortcut
K7NEF6T   25A  11  6  0  1  4   20.9   5.5  25.8  30.9  1.99 1.91  23.5 132   -2.7  79.2   0  0  0  0  0  0     0    0    0    0    0    0    0          4160  70.9  2.97  1.29  63  81  4160      0   -34.0   10.5   195.7    7.9    23  
K7NEF6T   25B  12  6  0  1  4   27.2   0.6  27.4  28.6  1.99 1.89  23.7 136   -4.2  89.0   0  0  0  0  0  0     0    0    0    0    0    0    0          4160  47.0  1.82  0.89  41  58  1482      0   -72.0   12.5   246.5    7.3    23  
K7NEF6T   26A  13  6  7  4 15   20.2   0.9  24.6  20.9  2.01 1.90  23.7 152    2.8  79.2   1  0  0  1  0  0   160  157    1    0    1    0    1          4002  77.5  2.16  3.70  71  90  4159    160   -35.6   60.1   194.5   23.6     5  1 dcol defect
K7NEF6T   26B  14  6  0  1  4   21.6  36.8  28.8  40.3  2.04 1.91  23.7 116   -1.5  88.6   0  0  0  0  0  0     0    0    0    0    0    0    0          4160  49.7  1.89  0.83  45  61   724      0    53.1   12.1   219.8    6.0    23  
K7NEF6T   27A  15  6  0  1  5   20.5   0.6  27.2  37.9  2.01 1.90  23.5 120   -3.2  94.4   0  0  0  0  0  0     0    0    0    0    0    0    0          4160  54.9  2.51  1.19  49  65  4014      0    39.0   13.4   221.4    9.5    23  
K7NEF6T   27B  16  6  0  1  5   26.7  56.6  27.2  25.8  2.01 1.91  23.7 142   -3.1  84.7   0  0  0  0  0  0     1    0    0    0    0    0    0          4160  58.7  2.37  2.00  52  69  4160      1   -37.8   11.8   187.8    9.8    22  1 pixel defect
K7NEF6T   28A  17  6  0  1  5   26.0   8.8  25.3  19.1  2.01 1.91  23.7 157    5.4  88.0   0  0  0  0  0  0     0    0    0    0    0    0    0          4160  76.5  2.31  1.38  70  88  4160      0   -72.4    9.4   179.6    8.9    23  
K7NEF6T   28B  18  6  0  1  5   28.8   0.4  25.8  20.0  2.04 1.90  23.9 154    1.3  84.7   0  0  0  0  0  0     0    0    0    0    0    0    0          4160  66.5  2.05  1.13  60  78  4160      0   -24.0   11.0   181.6    9.8    23  
K7NEF6T   29A  19  6  0  1  5   28.4   1.6  27.0  31.6  2.06 1.91  23.7 131    2.7  85.3   0  0  0  0  0  0     0    0    0    0    0    0    0          4160  74.0  2.31  0.94  67  83  4160      0    -9.9   11.1   172.9    5.3    23  
K7NEF6T   29B  20  6  0  1  5   32.3   0.4  27.4  32.6  2.07 1.91  23.5 129   -1.7  87.4   0  0  0  0  0  0     1    0    0    0    0    0    1          4160  60.9  2.09  1.68  54  77  3288      0    17.8   11.9   174.1    4.5    22  1 pixel defect
K7NEF6T   30C   1  7  0  1  5   24.6   8.1  27.9  39.8  2.06 1.91  23.5 116   -5.7  87.6   0  0  0  0  0  0     0    0    0    0    0    0    0          4160  66.3  2.71  1.04  60  80  4134      0   -23.0   14.1   153.1    5.4    23  
K7NEF6T   30D   2  7  5  4 15   59.8   0.6  57.0  28.8  2.04 1.91  23.7 137    0.1  77.0   9  9  7  9  0  0  2080    0 2080    0 1368    0 1930          2080  69.3  2.16  0.00  64  76                                                5  9 dcol defect
K7NEF6T   31C   3  7  0  1  5   23.3   0.4  25.8  17.4  2.02 1.92  23.9 162   -3.3  78.8   0  0  0  0  0  0     0    0    0    0    0    0    0          4160  77.6  2.70  2.28  69  90  4160      0   -82.1   13.6   158.9    9.4    23  
K7NEF6T   31D   4  7  0  1  5   25.1  55.2  26.0  22.3  2.00 1.90  24.2 149   -1.0  81.2   0  0  0  0  0  0     0    0    0    0    0    0    0          4160  57.1  2.46  1.13  50  70  1422      0   -64.5   13.7   166.8    8.6    23  
K7NEF6T   32C   5  7  0  1  5   30.2   0.4  27.2  24.6  2.04 1.91  23.3 143    5.6  89.2   0  0  0  0  0  0     0    0    0    0    0    0    0          4160  61.6  3.00  1.21  55  75  4160      0   -22.0   14.9   190.1    8.2    23  
K7NEF6T   32D   6  7  0  1  5   25.3   0.6  26.3  25.8  2.03 1.91  24.2 142   -3.6  82.8   0  0  0  0  0  0     0    0    0    0    0    0    0          4160  68.8  2.54  1.45  63  82  4160      0    -2.3   11.4   195.6    7.3    23  
K7NEF6T   33C   7  7  0  1  5   28.4   3.0  26.0  26.5  1.97 1.91  23.7 140   -7.2  89.2   0  0  0  0  0  0     0    0    0    0    0    0    0          4160  62.1  2.68  1.44  55  73  4160      0   -31.3   16.3   219.6    9.4    23  
K7NEF6T   33D   8  7  0  1  5   20.7  11.4  25.8  23.5  1.98 1.91  23.7 145    3.0  91.3   0  0  0  0  0  0     0    0    0    0    0    0    0          4160  65.5  2.55  0.89  59  77  4160      0   -49.5   14.4   234.0   10.2    23  
K7NEF6T   34C   9  7  0  1  5   26.7   4.6  26.0  18.8  1.99 1.91  23.7 157   -6.9  90.3   0  0  0  0  0  0     3    0    0    0    0    0    1          4160  58.8  3.05  1.31  51  76  4160      3   -29.6   13.9   236.3   12.7    22  3 pixel defect
K7NEF6T   34D  10  7  0  1  5   20.7   0.6  27.0  28.4  2.01 1.91  23.7 137   -0.1  88.3   0  0  0  0  0  0     0    0    0    0    0    0    0          4160  53.4  2.49  0.90  48  66  3067      0   -21.7   19.9   208.4    9.7    23  
K7NEF6T   35C  11  7  0  1  5   24.6   1.1  25.8  24.2  1.99 1.90  23.7 144   -3.5  83.6   0  0  0  0  0  0     0    0    0    0    0    0    0          4160  69.0  3.01  1.13  62  82  4160      0    -8.2   14.2   213.1    8.4    23  
K7NEF6T   35D  12  7  0  1  6   23.3   0.9  27.0  23.5  2.03 1.91  24.2 146    3.1  86.7   0  0  0  0  0  0     0    0    0    0    0    0    0          4160  50.1  2.02  1.05  46  62  3750      0    11.8   14.6   222.4    9.2    23  
K7NEF6T   36C  13  7  0  1  6   27.7  19.1  27.7  21.6  2.00 1.91  24.2 150   -0.7  99.0   0  0  0  0  0  0     0    0    0    0    0    0    0          4160  51.1  2.40  1.00  47  64  3498      0    -5.2   15.0   238.5   10.0    23  
K7NEF6T   36D  14  7  0  1  6   26.5   0.4  25.8  28.1  2.06 1.91  23.9 138    1.1  81.7   0  0  0  0  0  0     0    0    0    0    0    0    0          4160  73.8  2.34  1.58  68  84  4160      0   -27.2   11.4   191.9    6.4    23  
K7NEF6T   37C  15  7  0  1  6   25.8   0.4  25.6  24.6  2.03 1.89  23.3 143   -5.0  83.5   0  0  0  0  0  0     0    0    0    0    0    0    0          4160  79.9  2.23  1.09  73  91  4160      0   -20.9   13.7   209.0    8.0    23  
K7NEF6T   37D  16  7  0  1  6   25.1   0.6  26.3  23.0  2.02 1.91  23.9 147    0.8  88.3   0  0  0  0  0  0     1    0    0    0    0    0    0          4160  66.7  2.45  1.34  60  80  4160      1   -20.2   12.9   198.7    9.4    22  1 pixel defect
K7NEF6T   38C  17  7  0  1  6   22.3  11.1  27.0  22.8  2.00 1.90  23.5 147    1.2  89.1   0  0  0  0  0  0     1    0    0    0    0    0    0          4160  65.3  2.34  1.40  59  77  4160      1   -26.7   13.7   188.9    9.2    22  1 pixel defect
K7NEF6T   38D  18  7  0  1  6   19.8   0.6  27.2  29.3  1.99 1.90  23.9 135    0.1  86.0   0  0  0  0  0  0     0    0    0    0    0    0    0          4160  64.1  2.15  1.58  58  76  4160      0   -28.0   12.5   170.0    9.8    23  
K7NEF6T   39C  19  7  0  1  6   24.6   5.3  28.4  31.9  2.01 1.92  23.7 130    3.9  87.2   0  0  0  0  0  0     0    0    0    0    0    0    0          4160  58.4  2.68  1.17  52  70  2209      0    -7.1   14.9   176.1    6.4    23  
K7NEF6T   39D  20  7  0  1  6   22.6   1.8  28.1  28.1  2.02 1.91  23.7 137    6.9  92.9   0  0  0  0  0  0     0    0    0    0    0    0    0          4160  53.3  2.74  1.29  48  65  3857      0    64.0   18.0   180.9    7.4    23  
K7NEF6T   30A   1  8  0  1  6   20.5   6.0  26.3  32.6  1.98 1.91  23.7 128   -7.9  92.3   0  0  0  0  0  0     0    0    0    0    0    0    0          4160  66.8  2.49  1.15  60  79  4160      0   -54.6   12.0   178.1    5.2    23  
K7NEF6T   30B   2  8  5  4 15   27.0   1.3  25.3  26.7  2.01 1.90  23.7 140   -3.5  86.3   9  0  0  9  0  0  1926    0    0    0 1926    0    1          2234  89.0  1.85  1.39  83  95                                                5  9 dcol defect
K7NEF6T   31A   3  8  0  1  6   19.1   0.6  27.2  28.8  2.05 1.91  23.7 136   -3.3  90.5   0  0  0  0  0  0     0    0    0    0    0    0    0          4160  75.8  2.35  1.59  69  84  4160      0    10.2   11.5   188.4    6.3    23  
K7NEF6T   31B   4  8  0  1  6   25.6   0.6  25.6  29.8  1.96 1.90  23.5 133   -2.4  84.5   0  0  0  0  0  0     0    0    0    0    0    0    0          4160  66.9  2.54  1.10  59  77  4160      0    -7.2   12.0   190.7    7.7    23  
K7NEF6T   32A   5  8  0  1  6   27.9  36.8  25.6  23.5  2.03 1.92  24.2 146   -3.7  81.8   0  0  0  0  0  0     0    0    0    0    0    0    0          4160  65.6  3.00  1.41  58  79  4160      0   -25.8   11.8   172.2    7.5    23  
K7NEF6T   32B   6  8  0  4 15   26.3   4.1  27.9  26.5  1.97 1.91  23.7 140    5.5  90.7   0  0  0  0  0  0    80    0    0    0    0    0   80          4080  39.4  2.13 19.69  34  48                                                6  80 pixel defect
K7NEF6T   33A   7  8  0  1  6   18.6  23.5  24.9  13.9  2.02 1.91  23.5 172   -3.1  79.6   0  0  0  0  0  0     0    0    0    0    0    0    0          4160  81.0  2.59  1.31  74  94  4160      0   -90.7   11.4   168.5    9.8    23  
K7NEF6T   33B   8  8  0  1  6   27.7   0.4  27.2  29.1  2.00 1.91  23.9 136   -5.0  82.3   0  0  0  0  0  0     0    0    0    0    0    0    0          4160  56.7  2.27  1.20  51  66  4140      0   -38.8   12.5   195.9    8.6    23  
K7NEF6T   34A   9  8  0  1  6   22.8   0.6  26.7  37.0  2.02 1.91  23.5 122    0.2  93.1   0  0  0  0  0  0     0    0    0    0    0    0    0          4160  75.4  2.49  1.08  69  85  4160      0    18.4   12.7   212.4    6.4    23  
K7NEF6T   34B  10  8  0  1  7   42.1   0.6  26.7  30.7  2.00 1.90  23.9 132    5.7  84.8   0  0  0  0  0  0     0    0    0    0    0    0    0          4160  59.2  2.48  1.35  52  71  4160      0    -3.8   16.1   211.8    8.6    23  
K7NEF6T   35A  11  8  0  1  7   21.9  30.2  28.4  33.0  2.03 1.91  24.2 128    3.3  90.6   0  0  0  0  0  0     0    0    0    0    0    0    0          4160  54.3  2.79  1.07  48  65  4160      0   -35.3   13.6   218.2    9.5    23  
K7NEF6T   35B  12  8  0  1  7   22.1   6.5  26.5  26.5  1.99 1.91  23.7 141   -6.8  82.5   0  0  0  0  0  0     0    0    0    0    0    0    0          4160  54.2  2.33  1.02  48  64  4160      0     9.7   12.6   207.3    8.8    23  
K7NEF6T   36A  13  8  0  1  7   23.3   0.4  25.8  18.4  2.00 1.90  23.5 157   -4.9  82.2   0  0  0  0  0  0     0    0    0    0    0    0    0          4160  71.0  2.82  2.10  64  82  4160      0   -74.8   12.2   204.7    9.3    23  
K7NEF6T   36B  14  8  0  1  7   39.8   0.4  27.2  30.0  2.03 1.92  23.9 134   -5.2  94.0   0  0  0  0  0  0     0    0    0    0    0    0    0          4160  67.4  2.23  1.17  61  79  4160      0    41.3   14.8   222.7    8.7    23  
K7NEF6T   37A  15  8  0  1  7   26.5   0.6  26.7  28.8  2.02 1.91  23.7 136    0.0  92.7   0  0  0  0  0  0     0    0    0    0    0    0    0          4160  53.8  2.38  1.86  48  63  4160      0   -60.8   13.6   233.1   10.1    23  
K7NEF6T   37B  16  8  0  1  7   23.5   1.6  27.2  25.8  1.99 1.90  23.9 142   -4.1  88.0   0  0  0  0  0  0     0    0    0    0    0    0    0          4160  57.0  2.25  1.77  50  67  4160      0   -14.8   15.2   199.2    9.7    23  
K7NEF6T   38A  17  8 12  4 15   20.9   0.6  26.7  27.7  1.98 1.92  23.9 138    4.7  91.9   0  0  0  0  0  0     1    1    1    0    1    0    1   1   0  4159  73.4  2.30  1.26  66  86  4159      0   -39.7   11.3   188.3    7.8     8  1 pixel address defect
K7NEF6T   38B  18  8 12  4 16   20.9  15.8  27.2  28.6  2.02 1.91  23.9 136    6.3  83.6   0  0  0  0  0  0     1    1    0    0    1    0    0   1   0  4159  69.5  2.40  1.47  63  80  4158      1    -8.5   12.2   173.1    8.4     8  1 pixel address defect
K7NEF6T   39A  19  8  0  3 14   22.8   0.6  26.0  22.8  1.99 1.89  23.7 147   -4.4  81.1   0  0  0  0  0  0     0    0    0    0    0    0    0          4160  82.0  2.58  1.60  75  94  4160      0   -79.3    9.0   160.1    6.9    14  Thrshold(mean) = 82.0 (30...80)
K7NEF6T   39B  20  8  0  1  7   37.2   0.4  27.4  24.4  2.05 1.91  23.9 144   -4.1  83.9   0  0  0  0  0  0     0    0    0    0    0    0    0          4160  52.3  2.50  1.65  47  65   321      0   -10.7   16.1   163.1    5.0    23  
K7NEF6T   40C   1  9  0  1  7   22.6   0.6  27.7  31.9  2.06 1.91  23.9 130   -1.2  78.3   0  0  0  0  0  0     0    0    0    0    0    0    0          4160  69.0  2.60  0.99  62  80  4160      0   -50.6   10.2   143.1    4.3    23  
K7NEF6T   40D   2  9  0  1  7   27.0   0.6  30.5  34.4  2.02 1.91  23.5 125    2.9  94.9   0  0  0  0  0  0     1    0    0    0    0    0    1          4159  46.9  2.08  1.15  41  57   224      0    51.1   11.0   178.3    4.8    22  1 pixel defect
K7NEF6T   41C   3  9  0  1  7   19.3   0.6  27.2  31.4  1.98 1.92  23.9 131    0.7  83.3   0  0  0  0  0  0     0    0    0    0    0    0    0          4160  61.6  2.37  1.17  55  74  4160      0   -12.0   11.7   178.2    8.2    23  
K7NEF6T   41D   4  9  0  1  7   28.4   9.7  25.1  19.5  2.04 1.90  23.7 156    1.3  83.1   0  0  0  0  0  0     0    0    0    0    0    0    0          4160  75.0  2.97  1.01  67  87  4160      0   -71.4   14.3   177.4    9.2    23  
K7NEF6T   42C   5  9  0  1  7   20.0   0.6  26.7  27.2  2.00 1.92  23.7 139   -2.8  84.8   0  0  0  0  0  0     0    0    0    0    0    0    0          4160  55.2  2.90  1.44  49  68  4160      0    28.8   12.0   198.2    9.4    23  
K7NEF6T   42D   6  9  0  1  7   27.7  10.7  27.4  30.5  2.05 1.91  23.7 132    4.9  85.9   0  0  0  0  0  0     0    0    0    0    0    0    0          4160  62.1  2.43  1.05  55  74  4160      0    55.5   15.5   191.6    8.0    23  
K7NEF6T   43C   7  9  0  1  7   20.7  15.8  28.4  34.0  2.00 1.91  23.3 125   -3.9  84.2   0  0  0  0  0  0     0    0    0    0    0    0    0          4160  56.4  3.02  0.92  50  71  1839      0   -19.3   14.0   212.7    6.6    23  
K7NEF6T   43D   8  9  0  1  7   21.4   1.8  26.3  33.0  2.02 1.91  24.2 128   -0.8  84.6   0  0  0  0  0  0     0    0    0    0    0    0    0          4160  65.1  2.68  1.02  59  78  3666      0   -12.8   13.0   192.5    8.1    23  
K7NEF6T   44C   9  9  0  1  8   20.9   4.4  26.5  26.7  1.99 1.92  23.7 140   -4.9  88.7   0  0  0  0  0  0     0    0    0    0    0    0    0          4160  58.4  2.75  1.13  51  71  4160      0   -36.2   13.0   208.2    9.3    23  
K7NEF6T   44D  10  9  0  1  8   23.7  42.4  28.4  27.2  2.02 1.91  23.9 139   11.5  89.7   0  0  0  0  0  0     0    0    0    0    0    0    0          4160  50.9  2.32  1.44  46  63  1760      0    -8.0   14.5   223.1    7.2    23  
K7NEF6T   45C  11  9  0  1  8   20.9   0.4  25.6  21.4  2.02 1.89  23.9 151   -9.0  85.2   0  0  0  0  0  0     0    0    0    0    0    0    0          4160  67.3  2.80  1.29  61  82  4160      0   -20.6   15.0   212.0    9.7    23  
K7NEF6T   45D  12  9  0  1  8   26.0   0.4  26.7  24.6  2.02 1.91  23.9 144    9.1  92.8   0  0  0  0  0  0     0    0    0    0    0    0    0          4160  53.2  2.47  1.26  48  65  4159      0    28.0   15.4   228.2    9.6    23  
K7NEF6T   46C  13  9  0  1  8   30.2   0.4  26.5  27.4  1.99 1.90  23.9 139    0.3  92.2   0  0  0  0  0  0     1    0    0    0    0    0    0          4160  76.5  2.79  1.20  69  86  4160      1   -52.2   15.5   250.5   10.0    22  1 pixel defect
K7NEF6T   46D  14  9  0  1  8   22.6  44.7  28.1  29.1  2.02 1.90  23.7 135   -0.5  87.3   0  0  0  0  0  0     0    0    0    0    0    0    0          4160  53.8  2.57  1.27  48  64  4160      0     1.8   14.4   210.9   10.0    23  
K7NEF6T   47C  15  9  0  1  8   23.9   1.1  27.9  24.6  2.02 1.90  23.3 143    2.8  97.1   0  0  0  0  0  0     1    0    0    0    0    0    0          4160  51.5  2.43  1.08  47  62  4160      1   -24.2   16.8   235.2   11.4    22  1 pixel defect
K7NEF6T   47D  16  9  0  1  8   36.3   0.6  25.6  17.0  2.03 1.90  24.2 163   -4.7  82.4   0  0  0  0  0  0     1    0    0    0    0    0    0          4160  68.2  2.55  1.06  62  80  4160      1   -89.4   10.7   181.5   12.7    22  1 pixel defect
K7NEF6T   48C  17  9  0  1  8   20.9   0.6  27.0  24.4  1.99 1.93  23.7 144    3.0  90.8   0  0  0  0  0  0     0    0    0    0    0    0    0          4160  68.2  2.47  1.26  62  80  4160      0    12.5   15.9   193.8    8.6    23  
K7NEF6T   48D  18  9 12  4 16   21.2   3.0  25.3  20.2  2.06 1.91  23.7 154  -14.5  80.3   0  0  0  0  0  0     1    1    1    0    1    0    1   1   0  4159  76.2  2.50  1.08  69  89  4159      0   -22.4   16.0   154.3    8.4     8  1 pixel address defect
K7NEF6T   49C  19  9  0  1  8   29.1   0.4  27.2  24.4  2.02 1.91  23.9 144    0.1  86.0   0  0  0  0  0  0     0    0    0    0    0    0    0          4160  55.7  3.20  1.19  49  69  2571      0   -25.9   15.4   191.3   10.1    23  
K7NEF6T   49D  20  9  0  1  8   21.6   0.6  26.3  30.0  1.99 1.89  23.5 133    5.6  85.1   0  0  0  0  0  0     0    0    0    0    0    0    0          4160  68.9  3.03  1.26  62  81  4160      0    31.4   15.7   187.1    8.1    23  
K7NEF6T   40A   1 10  5  5 18   22.1   2.5  24.4  19.3  1.98 1.91  23.7 156   -0.8  84.4  26 26 26 26  0  0  4160    0 1930    0 4160    0    0             0                                                                          4  4160 Pixel defect
K7NEF6T   40B   2 10  0  3 14   20.0  39.8  25.6  25.6  2.02 1.90  23.9 142   -2.0  87.0   0  0  0  0  0  0     0    0    0    0    0    0    0          4160  85.5  2.69  1.08  79  97  4160      0   -18.3   15.0   159.0    5.2    14  Thrshold(mean) = 85.5 (30...80)
K7NEF6T   41A   3 10  8  4 16   20.5   0.6  26.0  31.4  2.01 1.89  23.7 131    1.9  82.5   0  0  0  0  0  0   104    0  101    0  101    0  104          4059  74.1  2.94  1.46  44  85  4059      3    -6.8   14.9   172.2    8.1     6  104 pixel defect
K7NEF6T   41B   4 10  0  1  8   24.4   0.9  26.5  23.0  2.02 1.91  23.9 147   -3.8  82.5   0  0  0  0  0  0     0    0    0    0    0    0    0          4160  57.9  2.43  1.27  51  68  3698      0   -44.0   12.4   176.7    7.5    23  
K7NEF6T   42A   5 10  0  1  8   20.5   0.6  26.0  29.3  2.01 1.91  23.7 134    1.8  80.8   0  0  0  0  0  0     0    0    0    0    0    0    0          4160  75.9  2.68  1.04  69  87  4160      0   -17.8   12.3   175.3    7.1    23  
K7NEF6T   42B   6 10  0  1  8   19.5   0.4  25.3  22.6  2.05 1.92  23.9 148    3.8  83.7   0  0  0  0  0  0     0    0    0    0    0    0    0          4160  78.5  1.93  1.22  71  87  4160      0   -74.9   13.0   193.2    6.8    23  
K7NEF6T   43A   7 10  0  1  8   30.0   0.4  27.0  22.8  2.00 1.90  23.9 148   -0.2  88.7   0  0  0  0  0  0     0    0    0    0    0    0    0          4160  58.3  2.79  1.58  51  70  4160      0   -30.3   12.7   205.2    9.6    23  
K7NEF6T   43B   8 10  0  1  8   34.9  50.3  28.1  38.2  1.99 1.90  23.7 120   -2.6  95.3   0  0  0  0  0  0     0    0    0    0    0    0    0          4160  56.0  2.52  1.92  49  68  4160      0    58.1   12.2   214.4    7.6    23  
K7NEF6T   44A   9 10  0  1  9   27.0  16.3  26.0  19.1  1.98 1.91  23.5 157   -1.5  84.3   0  0  0  0  0  0     0    0    0    0    0    0    0          4160  64.2  2.53  1.21  58  74  4160      0   -71.4   10.9   207.3   10.7    23  
K7NEF6T   44B  10 10  1  5 18  226.0   0.6                                                                                                                                                                                             0  shortcut
K7NEF6T   45A  11 10  0  1  9   23.3   1.1  26.3  23.5  2.05 1.91  23.9 146    1.8  86.5   0  0  0  0  0  0     0    0    0    0    0    0    0          4160  64.4  2.60  1.83  58  76  4160      0    49.1   15.5   214.9    6.8    23  
K7NEF6T   45B  12 10  0  1  9   25.8  22.6  28.8  26.5  2.00 1.90  23.7 140   -0.8  89.7   0  0  0  0  0  0     0    0    0    0    0    0    0          4160  48.0  1.71  1.05  43  55   760      0    39.4   15.5   215.2    5.0    23  
K7NEF6T   46A  13 10  0  1  9   21.4   0.4  26.7  24.9  1.99 1.92  23.5 143    0.5  88.0   0  0  0  0  0  0     0    0    0    0    0    0    0          4160  61.5  2.68  1.24  55  73  4160      0   -97.5   14.3   209.6    8.9    23  
K7NEF6T   46B  14 10  0  1  9   21.9  10.2  25.8  20.5  2.03 1.90  23.9 154   -6.2  79.9   0  0  0  0  0  0     0    0    0    0    0    0    0          4160  61.3  2.23  1.00  55  74  4160      0   -48.4   14.0   209.3    9.3    23  
K7NEF6T   47A  15 10  0  1  9   22.6   9.3  27.2  30.2  2.06 1.91  23.9 133    1.1  84.9   0  0  0  0  0  0     0    0    0    0    0    0    0          4160  66.5  2.26  1.00  61  77  4160      0    68.1   14.0   199.0    5.6    23  
K7NEF6T   47B  16 10  0  1  9   19.8   0.4  26.7  38.2  2.01 1.93  23.9 120    1.3  84.7   0  0  0  0  0  0     0    0    0    0    0    0    0          4160  63.2  2.10  1.13  58  75  4160      0   -32.1    9.9   195.4    8.0    23  
K7NEF6T   48A  17 10  0  1  9   22.3   4.6  25.6  27.0  2.02 1.91  23.9 140   -5.8  74.9   0  0  0  0  0  0     0    0    0    0    0    0    0          4160  79.8  2.03  1.19  73  91  4160      0   -39.0   10.8   165.5    6.2    23  
K7NEF6T   48B  18 10  0  1  9   20.0   0.4  23.9  13.7  2.01 1.91  23.5 173   -1.9  78.0   0  0  0  0  0  0     0    0    0    0    0    0    0          4160  79.5  1.76  1.06  74  89  4160      0  -115.0   11.9   120.5   11.7    23  
K7NEF6T   49A  19 10  7  4 16   23.5   0.6  30.2  29.1  1.98 1.92  23.9 136   -2.5  90.1   1  0  1  0  0  0   904   93  904    0    1    0   14          3256  57.0  2.39  0.00  50  68  1630     14    45.7   15.4   194.1   17.3     5  1 dcol defect
K7NEF6T   49B  20 10  0  1  9   30.5  14.2  28.1  28.4  2.03 1.90  23.9 137    9.1  92.0   0  0  0  0  0  0     0    0    0    0    0    0    0          4160  55.0  2.31  1.39  49  65  1719      0    65.4   15.2   194.2    5.0    23  
K7NEF6T   51C   3 11  0  1  9   21.2   0.4  26.5  23.5  2.01 1.91  23.9 146    3.7  86.5   0  0  0  0  0  0     0    0    0    0    0    0    0          4160  69.4  2.95  1.40  62  83  4160      0    -1.2   13.3   170.7    8.0    23  
K7NEF6T   51D   4 11  0  1  9   31.2   0.6  25.6  24.6  2.05 1.88  23.3 143   -1.4  77.5   0  0  0  0  0  0     0    0    0    0    0    0    0          4160  75.3  2.65  1.11  68  87  4160      0   -57.7   13.1   158.6    7.1    23  
K7NEF6T   52C   5 11  0  1  9   19.5   0.6  27.2  32.6  2.00 1.91  23.9 129   -2.6  79.8   0  0  0  0  0  0     0    0    0    0    0    0    0          4160  56.6  2.61  1.13  51  66  3595      0   -10.7   10.9   161.7    6.9    23  
K7NEF6T   52D   6 11  0  1  9   30.0   0.6  25.6  17.9  2.00 1.90  23.9 160    4.9  81.3   0  0  0  0  0  0     0    0    0    0    0    0    0          4160  71.0  2.47  1.44  64  80  4160      0   -11.4   12.1   159.0    8.0    23  
K7NEF6T   53C   7 11 10  4 16   23.0   0.4  24.9  17.9  2.00 1.91  23.9 160   -1.1  80.3   0  0  0  0  0  0     4    4    1    0    4    0    1   4   0  4156  82.7  2.91  1.02  76  93  4159      0   -15.5   11.4   180.6    8.9     8  4 pixel address defect
K7NEF6T   53D   8 11  0  1  9   20.0   0.6  27.9  25.8  2.03 1.91  23.9 142   -5.8  84.0   0  0  0  0  0  0     0    0    0    0    0    0    0          4160  59.6  2.57  0.94  52  71  4160      0   -15.4   15.1   185.7    7.0    23  
K7NEF6T   54C   9 11  0  1  9   22.1   0.4  24.6  22.8  1.99 1.89  23.9 147   -0.8  79.2   0  0  0  0  0  0     0    0    0    0    0    0    0          4160  72.3  2.71  1.66  66  82  4160      0   -76.2   10.6   176.7    8.7    23  
K7NEF6T   54D  10 11  0  1 10   20.9  21.4  25.3  23.9  2.00 1.92  23.9 145   -3.5  79.7   0  0  0  0  0  0     0    0    0    0    0    0    0          4160  75.2  2.69  1.44  67  84  4160      0   -57.8   11.3   191.0    8.4    23  
K7NEF6T   55C  11 11  0  3 14   21.2   0.6  24.9  23.5  2.05 1.92  23.9 146    3.0  84.5   0  0  0  0  0  0     0    0    0    0    0    0    0          4160  82.1  2.71  1.69  76  95  4160      0   -10.2   13.6   194.7    7.4    14  Thrshold(mean) = 82.1 (30...80)
K7NEF6T   55D  12 11  0  1 10   31.4   9.5  27.9  33.0  2.02 1.89  23.9 128    4.1  93.5   0  0  0  0  0  0     0    0    0    0    0    0    0          4160  56.5  2.51  0.91  50  67  4148      0    32.7   14.6   213.6    7.9    23  
K7NEF6T   56C  13 11  0  1 10   21.6   0.6  25.8  27.7  1.95 1.91  23.9 138    2.5  91.8   0  0  0  0  0  0     0    0    0    0    0    0    0          4160  73.0  2.64  1.44  67  82  4160      0    -4.9   13.3   220.2    8.5    23  
K7NEF6T   56D  14 11  0  1 10   20.9   0.6  25.6  20.5  1.96 1.90  23.9 154    0.9  84.9   0  0  0  0  0  0     1    0    0    0    0    0    0          4160  63.3  2.46  1.49  57  75  4160      1  -118.8   12.5   196.9   10.5    22  1 pixel defect
K7NEF6T   57C  15 11  0  1 10   23.5   0.6  26.0  21.6  2.02 1.92  23.9 150    1.4  82.7   0  0  0  0  0  0     0    0    0    0    0    0    0          4160  72.5  2.55  1.76  65  82  4160      0   -50.5   13.5   181.4    7.9    23  
K7NEF6T   57D  16 11  0  1 10   23.5   0.4  24.9  21.4  2.00 1.91  23.9 151    1.9  77.9   0  0  0  0  0  0     0    0    0    0    0    0    0          4160  80.1  1.91  1.20  75  91  4160      0   -36.2    9.7   174.7    9.1    23  
K7NEF6T   58C  17 11  0  1 10   27.9   5.5  27.9  31.2  2.02 1.91  23.9 131   -4.9  85.5   0  0  0  0  0  0     0    0    0    0    0    0    0          4160  58.7  2.46  0.84  52  73  4160      0     7.9   13.1   174.0    7.4    23  
K7NEF6T   58D  18 11  0  1 10   29.3   0.6  25.6  21.6  2.04 1.91  23.9 150    1.0  75.8   0  0  0  0  0  0     0    0    0    0    0    0    0          4160  75.9  2.46  1.29  69  87  4160      0   -56.3   13.2   135.0    6.8    23  
K7NEF6T   51A   3 12  7  4 16   20.7  24.6  28.8  27.7  2.03 1.92  23.7 137   -2.3  88.6   1  0  0  1  0  0   137    0  137    0  137    0  137          4023  59.6  2.66  1.71  53  70  4023      0     1.6   12.2   183.7    7.4     5  1 dcol defect
K7NEF6T   51B   4 12  0  1 10   19.5   0.6  26.0  31.6  1.98 1.91  23.7 130   -3.7  77.0   0  0  0  0  0  0     0    0    0    0    0    0    0          4160  62.5  2.29  1.52  55  71  4160      0   -18.2   12.6   154.9    6.9    23  
K7NEF6T   52A   5 12  5  4 16   23.9   4.6  24.6  26.7  1.98 1.89  24.2 140    2.8  83.0   5  0  0  5  0  0  1012    0    0    0 1012    0    6          3148  90.2  2.06  1.22  82  98                                                5  5 dcol defect
K7NEF6T   52B   6 12  0  1 10   29.1  11.4  27.2  22.8  2.04 1.91  23.9 148   -1.1  86.7   0  0  0  0  0  0     0    0    0    0    0    0    0          4160  58.6  2.19  1.26  52  68  4160      0    39.8   11.3   182.4    6.8    23  
K7NEF6T   53A   7 12  0  1 10   18.8   3.7  25.3  24.4  2.03 1.93  23.7 144   -0.9  83.5   0  0  0  0  0  0     0    0    0    0    0    0    0          4160  73.0  2.78  1.25  66  84  4160      0     0.3   12.3   177.7    7.8    23  
K7NEF6T   53B   8 12  0  1 10   22.8   0.9  27.0  30.9  2.04 1.90  23.9 132    5.2  88.2   0  0  0  0  0  0     0    0    0    0    0    0    0          4160  65.8  1.98  0.97  60  77  4160      0   -17.1   14.1   192.9    5.6    23  
K7NEF6T   54A   9 12  0  1 10   27.9   0.4  25.6  27.2  2.01 1.91  23.9 139    0.4  80.1   0  0  0  0  0  0     0    0    0    0    0    0    0          4160  73.9  2.75  1.14  67  86  4160      0   -38.6   13.7   186.2    6.7    23  
K7NEF6T   54B  10 12  0  1 10   21.6   0.4  27.2  36.1  2.01 1.91  23.7 122   -7.6  86.0   0  0  0  0  0  0     0    0    0    0    0    0    0          4160  70.9  2.19  1.19  63  80  4160      0   -50.2   16.4   188.9    5.9    23  
K7NEF6T   55A  11 12  0  1 10   24.2   0.6  26.3  23.9  2.04 1.89  23.9 145   -2.7  87.6   0  0  0  0  0  0     0    0    0    0    0    0    0          4160  61.4  2.28  1.21  55  71  4160      0   -33.4   13.6   231.1    7.7    23  
K7NEF6T   55B  12 12 12  4 16   21.2   0.6  26.5  23.3  2.01 1.90  23.7 146    1.3  88.3   0  0  0  0  0  0    48    0    0    1    0    0    0          4159  73.0  2.37  1.87  66  84  4160     48    14.6   14.4   199.1   14.5     6  48 pixel defect
K7NEF6T   56A  13 12  0  1 10   19.1   0.6  25.6  26.7  2.01 1.90  23.9 140   -3.7  92.6   0  0  0  0  0  0     0    0    0    0    0    0    0          4160  65.6  2.16  0.88  61  75  4160      0   -34.1   14.3   230.8    8.0    23  
K7NEF6T   56B  14 12  0  1 11   20.5   0.6  27.0  27.7  1.99 1.91  23.7 138   -6.2  80.8   0  0  0  0  0  0     0    0    0    0    0    0    0          4160  59.1  2.10  1.09  53  73   483      0    20.2   13.8   175.6    4.9    23  
K7NEF6T   57A  15 12  0  1 11   29.5  42.1  28.6  35.1  2.04 1.89  23.7 124   -2.1  82.6   0  0  0  0  0  0     0    0    0    0    0    0    0          4160  49.6  1.68  0.81  44  59   741      0   -16.0   13.1   191.9    5.1    23  
K7NEF6T   57B  16 12  0  1 11   21.6   1.6  26.7  30.0  2.02 1.91  23.7 133   -3.0  87.5   0  0  0  0  0  0     0    0    0    0    0    0    0          4160  75.1  1.95  1.06  69  83  4160      0   -39.5   12.9   175.5    7.8    23  
K7NEF6T   58A  17 12  0  1 11   19.5  24.6  26.5  28.1  2.01 1.91  23.7 137   -3.1  83.2   0  0  0  0  0  0     0    0    0    0    0    0    0          4160  71.0  2.67  1.42  63  81  3978      0    -1.4   10.5   162.8    5.9    23  
K7NEF6T   58B  18 12  1  5 18  139.8   0.6                                                                                                                                                                                             0  shortcut
K7NEF6T   61C   3 13  0  1 11   28.6  29.8  27.9  33.5  2.01 1.91  22.6 125   -1.3  81.5   0  0  0  0  0  0     1    0    0    0    0    0    1          4160  58.2  2.48  1.98  52  93  1389      1   -54.0   14.7   169.0    5.8    22  1 pixel defect
K7NEF6T   61D   4 13  0  1 11   27.4   2.3  28.8  36.5  2.07 1.93  23.9 122   -3.6  83.4   0  0  0  0  0  0     0    0    0    0    0    0    0          4160  55.4  2.25  1.05  50  67  4121      0    30.2   12.9   172.9    5.7    23  
K7NEF6T   62C   5 13  0  1 11   29.5   1.1  25.8  23.7  2.06 1.91  23.7 145   -1.8  81.6   0  0  0  0  0  0     0    0    0    0    0    0    0          4160  77.6  2.42  1.48  70  89  4160      0   -41.0   14.9   165.8    7.0    23  
K7NEF6T   62D   6 13  7  4 16   63.1   0.6  58.7  32.3  1.89 1.94  23.7 132    3.5  82.5   1  1  1  1  0  0   162    2  160    0  160    0  160          3998  56.8  2.28  0.00  51  66  4000      0   -66.3   20.4   169.7   13.1     5  1 dcol defect
K7NEF6T   63C   7 13  0  1 11   25.3   5.8  28.4  47.5  1.99 1.90  23.7 105    4.6  94.8   0  0  0  0  0  0     0    0    0    0    0    0    0          4160  48.5  2.13  1.02  43  63   130      0    14.8   16.2   205.7    6.6    23  
K7NEF6T   63D   8 13  0  1 11   40.3   0.4  27.9  35.8  2.02 1.91  23.7 122   -2.3  87.7   0  0  0  0  0  0     0    0    0    0    0    0    0          4160  53.3  2.50  1.25  48  64  2187      0   -50.1   13.5   177.0    7.0    23  
K7NEF6T   64C   9 13  0  1 11   31.9   0.6  27.4  21.9  2.08 1.90  23.9 150    0.6  82.2   0  0  0  0  0  0     0    0    0    0    0    0    0          4160  62.4  2.79  1.42  56  73  4160      0    23.5   14.1   186.9    7.1    23  
K7NEF6T   64D  10 13  0  1 11   32.1  33.0  28.6  35.4  2.04 1.89  23.7 124   -0.9  91.6   0  0  0  0  0  0     0    0    0    0    0    0    0          4160  50.8  2.16  1.03  46  64  2917      0   -16.6   14.0   185.6    7.9    23  
K7NEF6T   65C  11 13  0  1 11   18.1   3.4  26.3  23.3  2.04 1.91  23.7 146   -1.5  85.8   0  0  0  0  0  0     0    0    0    0    0    0    0          4160  72.1  2.66  1.51  65  83  4160      0    -8.2   14.4   201.8    6.6    23  
K7NEF6T   65D  12 13  0  1 11   25.1   0.4  25.8  26.3  2.01 1.92  23.9 141    6.1  84.3   0  0  0  0  0  0     0    0    0    0    0    0    0          4160  73.9  2.18  1.51  68  85  4160      0    13.9   12.3   191.5    6.0    23  
K7NEF6T   66C  13 13  0  1 11   22.6   1.3  29.1  35.4  2.03 1.91  23.9 124   -4.1  87.4   0  0  0  0  0  0     0    0    0    0    0    0    0          4160  53.3  2.30  1.50  48  63  4160      0    -0.0   12.6   206.6    7.5    23  
K7NEF6T   66D  14 13  0  1 11   23.0   0.6  27.2  32.6  2.01 1.90  23.9 129   -1.2  81.5   0  0  0  0  0  0     0    0    0    0    0    0    0          4160  59.3  2.12  0.93  53  70  3856      0     4.6   11.2   167.1    6.8    23  
K7NEF6T   67C  15 13  0  1 11   38.2   0.4  26.5  20.7  2.12 1.90  23.9 153    0.7  82.9   0  0  0  0  0  0     0    0    0    0    0    0    0          4160  67.2  2.48  1.08  61  80  4108      0    -8.5   13.8   182.3    7.7    23  
K7NEF6T   67D  16 13  0  1 12   20.5   0.4  26.5  20.9  2.02 1.93  23.9 152   -4.9  78.7   0  0  0  0  0  0     0    0    0    0    0    0    0          4160  64.5  2.80  0.99  58  77  4160      0   -61.3   13.6   136.5    8.3    23  
K7NEF6T   68C  17 13  0  1 12   28.6   0.6  25.8  20.2  2.05 1.91  23.7 154    2.0  84.7   0  0  0  0  0  0     0    0    0    0    0    0    0          4160  73.7  2.92  1.04  67  85  4160      0   -55.6   14.5   171.9    8.6    23  
K7NEF6T   68D  18 13  0  1 12   26.3   3.2  26.0  22.8  2.07 1.90  24.2 148    0.5  82.0   0  0  0  0  0  0     0    0    0    0    0    0    0          4160  70.6  2.76  1.22  63  82  4160      0   -26.8   16.7   151.1    8.3    23  
K7NEF6T   61A   3 14  5  5 18   98.7   0.6  71.9  41.4  1.88 1.93  23.7 114   33.4 103.0  26 26 26 26  0  0  4160    0 4160    0 4160    0    0             0                                                                          4  4160 Pixel defect
K7NEF6T   61B   4 14  0  1 12   31.9   4.1  25.1  26.5  2.02 1.92  23.5 140   -0.4  79.6   0  0  0  0  0  0     0    0    0    0    0    0    0          4160  79.0  1.67  1.06  72  89  4160      0   -34.3   14.7   152.7    6.9    23  
K7NEF6T   62A   5 14 12  4 16   20.9   0.6  27.0  29.8  2.02 1.91  23.7 134   -5.0  81.0   0  0  0  0  0  0     1    1    0    0    1    0    0   1   0  4159  68.4  2.50  1.54  62  81  4160      1   -74.4   13.0   152.8    6.1     8  1 pixel address defect
K7NEF6T   62B   6 14  0  1 12   28.8   1.1  28.6  37.7  2.02 1.91  23.7 120   -2.3  91.4   0  0  0  0  0  0     0    0    0    0    0    0    0          4160  59.2  2.16  1.14  52  68    24      0   -18.5   14.0   165.6    3.4    23  
K7NEF6T   63A   7 14  0  1 12   19.1   0.6  27.2  24.9  1.99 1.90  23.5 143   -1.2  81.5   0  0  0  0  0  0     0    0    0    0    0    0    0          4160  61.1  2.93  1.19  53  76  4160      0   -33.1   13.0   157.7    7.6    23  
K7NEF6T   63B   8 14  0  1 12   20.7  19.8  27.2  35.1  1.99 1.91  23.7 124    1.1  84.6   0  0  0  0  0  0     0    0    0    0    0    0    0          4160  60.4  2.24  1.19  53  71  1568      0   -16.9   10.2   160.0    4.1    23  
K7NEF6T   64A   9 14  0  1 12   19.3   0.6  27.2  36.1  2.01 1.93  23.9 123    8.2  88.6   0  0  0  0  0  0     0    0    0    0    0    0    0          4160  65.3  2.64  1.66  59  80  4160      0   -20.3   13.9   194.2    7.0    23  
K7NEF6T   64B  10 14  0  1 12   21.6  20.7  27.2  26.3  2.09 1.91  23.9 141    0.0  91.3   0  0  0  0  0  0     0    0    0    0    0    0    0          4160  66.0  2.24  1.49  60  75  4160      0    -8.0   15.2   176.8    7.1    23  
K7NEF6T   65A  11 14  0  1 12   22.1   0.4  27.0  33.7  2.03 1.91  23.3 125   -3.7  83.7   0  0  0  0  0  0     0    0    0    0    0    0    0          4160  76.3  2.27  1.65  68  85  4160      0    10.3    9.2   174.1    5.2    23  
K7NEF6T   65B  12 14  0  1 12   37.0   0.6  27.2  29.1  2.00 1.91  23.7 134    3.4  82.6   0  0  0  0  0  0     0    0    0    0    0    0    0          4160  57.6  1.90  1.27  52  66  4160      0   -40.8   11.7   174.6    6.9    23  
K7NEF6T   66A  13 14  0  1 12   18.4   0.6  27.2  20.5  2.04 1.92  23.5 153    5.4  86.1   0  0  0  0  0  0     0    0    0    0    0    0    0          4160  69.6  2.68  1.60  63  80  4160      0   -74.3   13.4   192.7    6.9    23  
K7NEF6T   66B  14 14  0  1 12   20.9   2.7  27.2  28.8  2.02 1.91  23.9 136    6.5  86.7   0  0  0  0  0  0     0    0    0    0    0    0    0          4160  63.3  2.15  1.08  57  74  4081      0    16.0   13.3   163.3    5.7    23  
K7NEF6T   67A  15 14  0  1 12   21.4   0.6  28.1  35.6  2.00 1.92  23.7 124    1.4  85.3   0  0  0  0  0  0     0    0    0    0    0    0    0          4160  57.8  2.71  1.15  50  68  4160      0    44.3   12.8   183.1    7.5    23  
K7NEF6T   67B  16 14  0  1 12   23.0  41.4  27.2  34.9  2.06 1.91  23.5 125   10.9  89.6   0  0  0  0  0  0     0    0    0    0    0    0    0          4160  62.9  2.08  0.82  56  71  4160      0    60.5   14.4   192.7    7.4    23  
K7NEF6T   68A  17 14  7  4 16   23.7  26.7  28.8  28.4  2.09 1.92  23.7 137   -2.8  92.0   1  0  0  1  0  0   151  151    0    0    0    0    0          4009  64.3  3.21  1.61  56  76  4160      1    64.8   19.9   203.7    8.2     5  1 dcol defect
K7NEF6T   68B  18 14  2  5 18   11.6   0.6  12.8   0.6                                                                                                                                                                                 1  Id < 5 mA
K7NEF6T   73C   7 15  0  1 12   21.4   0.4  27.2  29.8  2.04 1.92  23.7 134    1.1  86.5   0  0  0  0  0  0     0    0    0    0    0    0    0          4160  69.4  2.61  1.22  63  81  4160      0   -15.7   15.6   163.5    5.8    23  
K7NEF6T   73D   8 15  0  1 13   20.2   0.9  27.0  22.1  2.06 1.91  23.9 149    2.6  81.4   0  0  0  0  0  0     0    0    0    0    0    0    0          4160  65.9  2.46  1.25  59  77  4157      0    24.8   13.4   159.6    5.5    23  
K7NEF6T   74C   9 15  0  1 13   22.8   1.3  27.2  26.7  2.04 1.90  23.7 140   -7.4  80.6   0  0  0  0  0  0     0    0    0    0    0    0    0          4160  63.9  2.43  0.99  57  76  4160      0     0.4   13.0   166.0    6.0    23  
K7NEF6T   74D  10 15  0  1 13   22.8   0.4  26.3  30.0  2.08 1.90  23.9 133   -2.2  83.2   0  0  0  0  0  0     0    0    0    0    0    0    0          4160  79.0  1.88  1.01  73  92  4160      0   -11.6   13.4   169.9    5.3    23  
K7NEF6T   75C  11 15  0  1 13   21.4   0.6  27.4  27.9  2.06 1.91  23.9 138   -7.4  83.6   0  0  0  0  0  0     0    0    0    0    0    0    0          4160  71.1  2.72  1.27  65  82  4160      0    36.2   14.4   174.0    5.3    23  
K7NEF6T   75D  12 15  2  5 18   86.4   0.4  84.1   0.6                                                                                                                                                                                 1  Id < 5 mA
K7NEF6T   76C  13 15  0  1 13   21.6   0.9  26.5  21.9  2.04 1.91  23.7 149    5.9  90.4   0  0  0  0  0  0     0    0    0    0    0    0    0          4160  75.2  2.47  0.91  69  86  4160      0    32.8   15.0   183.3    5.7    23  
K7NEF6T   76D  14 15  0  1 13   21.9   3.2  28.4  30.2  2.01 1.90  23.7 133    6.6  88.7   0  0  0  0  0  0     0    0    0    0    0    0    0          4160  61.6  2.50  1.46  53  76  4160      0    37.9   15.0   185.0    6.1    23  
K7NEF6T   73A   7 16  0  1 13   29.8   4.6  27.0  27.9  2.06 1.92  23.5 137   11.3  83.9   0  0  0  0  0  0     0    0    0    0    0    0    0          4160  66.6  2.42  1.44  58  78  1414      0    53.5   15.8   165.7    5.2    23  
K7NEF6T   73B   8 16  0  1 13   24.2   1.8  27.4  29.3  2.01 1.90  23.7 134    4.9  90.4   0  0  0  0  0  0     0    0    0    0    0    0    0          4160  56.8  2.25  1.14  49  67  3735      0    23.0   15.7   167.5    7.3    23  
K7NEF6T   74A   9 16  0  3 14   24.9   0.6  29.1  33.3  2.02 1.91  23.0 125   -1.2  91.4   0  0  0  0  0  0     0    0    0    0    0    0    0          4160  46.4  1.95  0.85  41  56                                               19  Pulse height gain = -1.$(+/--1.$)

K7NEF6T   74B  10 16  0  1 13   22.3   0.4  27.0  19.8  2.03 1.91  23.9 155    4.4  86.3   0  0  0  0  0  0     0    0    0    0    0    0    0          4160  67.8  2.11  1.26  62  77  3393      0    16.2   13.4   165.8    5.2    23  
K7NEF6T   75A  11 16  0  1 13   26.0   0.6  27.7  35.4  2.03 1.90  23.9 124   -4.5  88.2   0  0  0  0  0  0     0    0    0    0    0    0    0          4160  62.9  2.56  1.35  57  75  3147      0    57.3   15.3   169.3    4.9    23  
K7NEF6T   75B  12 16  0  1 13   21.9  16.5  27.7  26.7  2.05 1.90  23.7 139    1.9  87.3   0  0  0  0  0  0     0    0    0    0    0    0    0          4160  57.1  2.08  1.86  51  67  2801      0   -33.9   16.9   158.2    6.3    23  
K7NEF6T   76A  13 16  7  4 16   23.7   0.9  29.8  43.8  2.01 1.91  23.5 110   -2.2  92.8   1  0  1  1  0  0    72   72    0    0    0    0    0          4088  55.4  2.66  1.27  49  67   930      0    41.8   14.2   164.9    4.8     5  1 dcol defect
K7NEF6T   76B  14 16  7  4 17   86.9   1.8  80.3  32.6  1.93 1.92  23.9 129   11.7  88.9   1  1  1  1  0  0   163    0  163    0  160    0  160          3997  56.0  3.28  0.00  49  70                                                5  1 dcol defect
